9852
10686
168131
156201
44238
79099
31070
155371
132583
40955
10384
67037
141923
90276
83002
38732
94806
74364
82812
57883
67469
140812
83469
36227
113926
136139
94347
113071
45418
126158
133723
163778
37268
35309
45597
86991
18543
111327
143794
7960
31253
150444
123588
591
38193
61342
78140
32736
17780
50444
137627
163178
116497
140714
172344
96867
153668
144490
163289
102287
6551
118425
80439
160199
73350
37752
127264
45783
56284
156505
156876
165844
90179
7321
6994
171688
88304
126506
157959
1331
59781
107270
40154
46850
8845
21747
169434
49398
68938
109671
157838
62652
66746
27142
5620
65245
159504
105827
45551
80791
144781
618
72056
162115
45213
46973
13718
159984
123037
68935
54273
43234
28529
22512
66855
128037
67222
73543
73717
89449
169619
61531
135970
101846
114084
139010
40351
20596
166151
132120
126058
118501
3813
135339
145548
152397
18833
109441
10759
86505
70045
7785
92386
112845
69113
114509
114920
55775
9377
26
19220
61244
26907
97381
87250
140492
159079
92424
131861
62704
21772
156266
164365
5839
43010
145544
101215
136916
159891
116947
136597
165888
76597
157104
163868
156338
162784
74510
72305
72210
9988
55314
135654
15867
107943
140731
143667
116136
166592
7547
45211
83162
130143
85975
162958
51107
134145
39575
109713
166715
9075
122198
97011
23718
28246
173981
59616
128547
103145
159941
117854
71099
51792
40489
162645
153216
129154
21324
128929
114377
35611
139251
118519
136919
33646
105356
54427
13018
143077
102372
71655
91743
62650
158892
32436
109717
116480
124711
7023
45432
132597
86367
156889
126035
36994
170303
107749
64028
36808
74307
26167
127041
159903
131808
160149
169520
100249
18761
50112
72888
110725
143904
115847
18129
9437
150732
53151
12343
169076
42646
91643
152106
126839
89185
170687
54812
27376
43192
103319
14446
16077
122871
45725
28233
121180
122307
112961
108751
48989
38557
97758
63608
163631
28471
38354
75573
73392
135986
36903
152793
150187
122070
173079
8569
105630
13732
97943
163272
137147
155397
63433
51715
111638
162760
130540
31244
36314
30100
20062
124851
158827
124078
52837
35589
3779
14615
91592
152928
36711
47859
155757
161641
124374
11130
111381
57297
27413
26877
108564
166668
40953
28224
120968
58685
106634
30326
63129
164941
65967
159855
64672
60857
68087
12582
92888
135143
85277
111344
90938
80855
33310
73835
12896
37792
160274
157683
70895
50889
85133
159207
126194
137839
17419
12864
160655
41056
49180
65482
20605
172265
112183
173950
91261
43928
39989
88623
26190
96438
167502
41685
19566
95182
16413
134023
87632
146538
61811
98215
108455
2776
123347
33305
142607
34647
83082
144692
73857
75106
158304
154927
87099
40806
97303
139817
137995
7765
160822
66509
34739
105924
121421
112040
147734
60472
45094
7901
31138
94556
26838
145764
149253
48060
18515
73052
116962
115383
23
113914
108
123699
19885
37830
49049
136634
29584
137050
2219
172302
7994
117438
56821
47611
131790
106859
164386
8769
173567
132706
150972
106048
61597
39924
24190
87232
44914
61155
16265
127776
112507
173701
65179
74231
12540
94266
37293
107336
131458
138808
125873
25035
120562
148446
91334
42940
86888
154429
131344
134373
163231
8974
70469
100330
42729
124617
63935
78430
60825
70106
69812
24112
94987
109485
9193
22909
106815
90217
95012
140669
55784
23313
40031
3328
107850
85707
173573
97092
158136
141939
25966
21341
14999
14424
16294
78529
155833
67338
137662
133398
144694
31041
40924
168401
10942
113261
91932
100502
174200
16351
78785
160702
67891
95372
168706
138807
73981
144237
15933
148689
79869
12036
110139
103276
138500
105704
116502
146659
142185
16581
143646
153050
7626
21388
98264
48697
52935
169714
170370
164845
14240
145706
52996
67192
62791
101711
16648
106645
22284
40049
17821
138499
166708
15533
20482
151040
116301
59097
140547
57481
174124
70301
138416
30781
125204
103862
156534
41510
157296
34911
96782
12364
51729
173308
170948
18073
137969
147363
99856
56862
47396
70100
158388
61317
162111
115791
127779
165176
46003
95418
77036
94515
53748
61922
99264
57598
171187
27971
104379
131723
129722
97840
170795
155198
156032
46337
136433
123958
20940
76315
20009
166223
25795
146116
102858
106185
122233
139732
138349
140810
171813
161809
36862
105772
130388
138013
110796
93232
2416
159476
108292
115647
127824
76822
83371
107175
48666
19137
34150
5718
98767
124894
33040
86870
11589
160354
131572
103948
80621
93295
116205
115777
105655
146943
186
87807
8444
43951
10202
154971
74983
171793
110434
110507
92743
61047
102475
65311
60062
96155
4653
93149
160523
155500
24562
119239
52451
117320
14438
107426
129889
95384
24914
107290
87261
84657
28168
173666
11526
28867
167365
97778
101288
23412
167749
171569
134055
9513
120992
121774
173172
76877
10809
89892
161502
145267
8506
11920
21006
95872
12091
141518
65157
31542
26474
50524
81303
153815
109753
45172
105874
162569
78448
140664
70216
58024
33297
67853
10775
172963
128459
65724
23001
86908
87096
20848
102576
169321
5233
116431
125341
110416
117985
47381
87714
83727
101534
32511
59266
72358
63942
5771
98338
17124
73131
29718
59148
4363
172486
20778
61565
117266
11535
49265
88603
55972
143693
163438
128170
89396
50309
147620
136214
72225
134904
90728
105248
107596
114454
119956
118855
162377
96
141106
95366
142505
62648
113542
9223
48061
90799
168115
82929
42830
147444
65394
11915
85661
30496
45640
106222
1285
116382
3619
3933
154838
137686
104520
138424
10127
130607
30116
72538
115599
41673
153148
173261
27836
113210
83261
159659
136805
45513
162794
151065
67665
67135
153917
160022
18914
139095
20292
63083
143075
148913
12560
167885
48669
118289
134104
39971
113786
57651
97224
54387
96061
76849
10562
16288
135260
74546
70391
102590
31125
79151
4143
125284
113501
163040
91337
102551
121559
102382
26419
164653
87977
75578
27462
27511
125145
41249
75536
170809
48593
57207
163592
161429
93028
40093
131615
819
89296
82115
119660
158676
56056
92789
163846
33074
129740
43178
29431
18549
75661
56753
98600
43841
64823
81980
22987
55858
66853
28805
46382
123244
78414
62671
163819
152165
15346
139980
172509
16272
74035
131066
128744
117650
104433
16830
145262
161759
87310
12701
32317
47250
116673
35203
168853
140050
40464
4726
77225
117428
148806
160359
30352
131230
71586
134611
59543
7155
117920
134770
46181
26128
67754
118178
146487
137896
47418
105285
51783
105565
159712
63034
99318
161942
100473
3242
129660
150836
23753
110086
173667
81539
157345
65082
94415
39053
62929
158743
36877
19774
141832
17798
81470
22121
57276
139018
98281
80608
50570
51966
47583
42130
78772
44135
84199
144148
8980
32257
132297
70633
56722
142547
42781
140081
144649
1887
118033
132210
18084
126921
121333
12643
4785
59080
19375
14338
79286
141714
41099
28253
111233
146728
76867
81382
70282
98430
122449
114643
34470
105783
136958
144480
136540
145458
10117
132747
93361
3566
52804
52938
114566
64714
104341
63525
71886
161694
159284
9136
134398
89242
96995
70512
148960
157780
171507
130520
46165
76407
142118
162664
3597
13487
51671
162312
7140
8564
69488
168229
34758
104928
60968
128707
23657
13844
145221
104533
140440
92022
69896
50247
25430
151951
172807
142085
103366
118412
85243
169707
113246
69209
164533
83154
25709
159595
97773
68285
58227
59689
109869
98498
159636
143881
91786
167734
146970
143638
21213
76172
84038
22048
39112
30017
101378
60908
124383
153805
112690
98551
113401
154561
1778
97327
12280
103752
56068
101717
77186
27977
43957
20340
3241
127848
130320
88201
149995
85964
166552
145351
64727
145547
143023
73577
96707
172083
126271
90678
69242
170408
127475
123030
85834
49899
125709
116583
66783
76719
167551
149471
14328
88755
38473
86731
36755
109550
91236
145214
160008
43021
196
32262
170002
156547
54453
99697
13910
15821
77434
25889
170080
131331
24172
154384
57056
174146
56810
54532
128254
143592
166798
164510
156488
93763
16259
108603
122073
143438
46004
55354
54775
13344
120646
293
102167
68456
50495
37204
33887
22604
13615
106975
101389
7851
154341
19853
13354
7450
152825
137983
156856
158266
1412
75199
17286
4662
24489
167001
123727
163645
76238
70245
72035
117948
14476
9929
12618
73596
63756
66930
72462
153834
47387
127936
151924
18878
48067
28387
53744
128432
40027
132491
57250
11355
104168
62607
60384
171661
54523
9025
97925
121884
11848
59913
15846
138411
93981
124287
108173
59536
98020
121283
41969
54455
47762
153478
31517
102485
82043
43190
89211
140616
30114
20021
10944
82825
22531
120087
33656
134847
58181
43383
130461
125054
149332
73613
111090
76111
142060
164903
38258
108450
14129
51683
90526
173224
7696
146973
148912
59436
26109
127391
57059
158722
101403
43889
147140
98501
46323
111938
108092
687
35417
115955
123722
120653
152327
96567
157119
58357
83537
25733
156520
95838
59482
35683
78591
130869
52151
22000
125879
134753
37891
31286
123020
81171
68035
74281
128701
75012
159857
26882
91520
70163
138388
42062
107253
56843
134466
128894
1781
164175
57352
136420
94238
113233
109005
133188
1339
161810
72845
77967
28138
34011
133335
167467
27119
66971
31779
81464
26350
144728
110992
157240
93577
96901
91572
131658
46275
115316
3469
20097
40823
128443
5951
59808
88796
60690
108391
156309
764
60531
5604
111834
133208
67392
44408
66280
133016
95677
20289
142223
136970
67157
113836
158280
71096
72275
115965
126916
77403
89400
102793
115863
6587
62967
86644
24303
48059
156804
57498
41113
130215
116376
10886
148892
125617
52064
2884
117356
15356
120181
69184
87069
131143
122660
98359
129367
128370
165398
20396
73236
16670
148384
63647
38374
9325
41916
68868
47268
65729
117446
33932
31001
78251
45288
101458
119342
60270
89531
70643
73222
77683
49455
118379
57564
100469
97130
77374
35458
57611
30908
40377
56198
70409
98157
73389
145926
131910
112151
7795
83352
34482
68621
115561
170536
3866
95707
136987
29514
155962
12468
81555
108853
157229
117400
26183
140061
128209
116533
85166
113496
162094
34806
99414
163590
98058
60154
3283
155890
155830
86315
124600
65964
114494
8931
116984
126619
165568
150576
144209
141752
51905
65390
114301
47613
75772
23867
42058
28919
132786
102198
105895
67182
6037
30432
134346
55133
45756
92554
48599
136444
138974
10480
92755
132777
66262
161851
125401
141498
129292
96404
174342
28692
169993
61982
20957
149272
10470
100339
153357
42736
110562
129689
153092
163881
99459
23638
39162
77759
127387
118123
50460
35858
43138
143334
13175
157091
120081
104283
5463
11963
162656
3565
110317
112662
127015
33487
162003
67838
80686
123210
35710
50107
123776
128756
163486
128099
59434
45112
161755
88748
9071
147952
27639
72802
111806
105523
26629
93039
92542
35243
43088
140970
55874
130104
108265
151973
171699
109799
48122
47434
99664
172214
173740
153433
68451
112301
3480
164025
120760
140688
100041
32543
30734
29979
146686
86852
55696
87410
51647
32507
9409
123231
62551
155237
60708
23272
75390
168859
31868
13638
100398
134604
36695
88491
10647
58510
40659
132261
48385
48121
21958
129306
57546
44776
78913
42924
154987
58942
43259
40763
116290
143535
89570
158593
12991
110565
75037
133480
69491
94741
128017
6609
111569
131543
136585
40456
97512
50423
137630
115857
151942
44932
48073
172449
98887
75121
20857
134497
73823
90519
26789
21272
15058
15310
45327
96407
100213
34672
15493
81526
134035
56576
23100
64176
114462
74314
106916
34460
150653
8626
165531
147334
101084
115883
38869
100146
15241
135587
7719
169475
144860
150616
141882
63126
142707
137692
150657
9249
15764
43182
37334
160123
144934
98393
23523
55715
123066
102642
10234
21424
7551
122287
13183
93158
26137
8655
22989
150729
69265
152517
162348
105037
38269
35658
36133
77196
159952
156483
73674
63226
78489
132879
12228
54166
38743
110534
105266
13509
145792
62051
134168
77292
169945
32008
121205
67456
140225
5333
71708
61022
77049
82353
29991
38698
107252
79321
1032
124729
170000
147554
65558
151239
146729
102917
172002
62666
162368
14101
82340
9449
169479
41062
165634
169286
84476
48672
50412
53927
86307
172448
38736
109543
155909
129343
29605
49095
133222
69009
149985
67651
18253
13533
16123
125900
174295
159717
142958
40581
100408
155491
19303
161620
65271
4600
23181
129504
118162
32574
157330
23431
44494
44536
41310
25186
165111
148527
132604
56387
160197
108893
140902
81857
109622
24916
155311
157464
63335
57492
110394
45170
88251
97101
78472
68516
20861
115479
45951
87077
43135
144493
19132
43724
104944
77401
27382
1146
40482
43500
12671
70165
40338
126352
111097
30340
152619
129002
131588
23046
165919
112196
144678
10974
110110
25835
172103
121232
69337
78358
23900
8482
116994
159196
166805
150115
25159
39263
40080
24170
153397
14707
142996
94610
83186
126625
133077
104401
55892
21758
126262
102771
89957
133221
76789
50972
155730
118505
154240
38637
123190
22483
148474
133947
86246
66737
101385
8918
168148
57830
23119
110576
135045
74894
89554
108290
58182
1853
28331
164373
153740
80876
123084
26606
154806
23570
450
11294
6024
61124
169885
88323
125658
73162
129410
88202
150197
87429
62440
26840
113430
60805
39950
10264
81498
22278
134476
131845
125955
120039
9472
107467
114106
5571
127707
67973
154190
113960
60978
36262
111473
163614
102711
83107
131182
113245
121862
174027
99649
12741
48483
10318
158460
496
4278
9338
169128
118240
73687
16672
20452
51198
153705
130181
15326
21517
135323
4499
1058
5827
139651
32835
41745
107739
136379
81793
18017
6500
158167
103720
94112
136824
33425
108579
55883
36856
141202
69053
13913
149791
159731
99241
148694
18694
29188
40180
51996
35684
77214
128799
128620
172709
31470
41766
94648
36168
9178
91624
129573
11721
142471
152164
16620
70567
55554
90278
58403
142276
3711
84817
17748
109734
30491
86987
131792
109960
109243
71700
7804
126574
120327
119030
73954
113406
45593
43641
109304
66090
98127
90265
33461
28656
92996
112033
167425
102370
13749
42570
173297
34508
46096
34981
103388
16508
109747
80040
36230
166153
34192
38423
68982
173326
75045
127622
42665
44047
153298
74161
83777
77972
39440
70210
129263
154040
76529
43480
101574
117258
24082
33620
85175
173124
112951
101862
148394
105681
90833
7505
169020
89145
7432
116087
78659
43681
68335
145047
168236
3682
47891
128559
92588
130538
170847
107568
172644
140709
79949
97065
37750
144499
103440
124397
160142
129454
28053
84111
166317
96328
115198
12392
116800
63143
5413
48680
26428
64528
82344
165942
53888
127865
73468
111206
49519
162888
94133
19652
60523
12445
52199
47430
173470
41586
148062
6666
71062
35702
130316
43180
35692
37038
98784
21242
151019
30329
18342
94142
21617
55946
161094
21978
43054
172229
80948
167052
166625
41946
150034
149048
36593
132953
80947
85121
151628
13169
41447
46163
154392
19863
31497
44533
40735
32652
126319
15634
1436
136471
160616
30434
23200
30300
61357
92846
50254
52392
70456
59122
2220
22501
167436
56923
149039
144636
120334
135200
84991
82491
72253
63110
14161
38035
13636
153537
23485
121097
77372
19759
133363
28420
38214
40189
100682
138930
88115
104044
90908
102807
172750
39052
69663
145905
73359
127004
128159
80543
87258
120999
107013
126618
41201
140939
20805
73430
80900
110730
62781
118988
122028
103651
137216
36018
4077
36032
54680
14048
79747
8595
55870
86981
164178
99014
94696
116183
47800
1324
152004
113596
124391
149283
61377
122752
14506
38969
15239
151195
95783
153545
150731
101148
123540
149186
106947
119104
133274
159099
130671
99416
62358
115062
59155
152500
55376
138120
150484
168958
68139
170013
16641
25201
49555
28171
105515
83052
11008
54861
12434
99374
69888
140137
54690
128307
71334
80620
105533
12239
118845
173799
34452
146384
24209
130991
157552
17033
59349
160748
62465
71086
6011
169035
53353
115905
79083
24984
7750
80118
60672
117444
82172
73404
32315
139463
119422
167199
32387
147949
31062
11914
146078
108779
34517
114487
5607
34105
81968
52344
74953
158137
62850
144263
43556
163161
113887
62489
91213
172758
77635
133280
7654
53731
117206
126525
79226
71268
61159
143093
37254
122938
127770
151131
80858
53659
170119
113188
39740
95202
118374
136621
9242
135188
32095
106179
153190
125802
119821
151090
68940
59267
52807
13843
14685
44576
115646
44442
91776
106969
75893
89510
96688
168883
165058
28310
165453
108512
85736
8290
173707
167403
44417
142993
169524
84923
24156
98597
161686
30702
85869
1535
122269
131493
70740
77756
82053
133159
142894
154767
5613
40326
111135
145697
79100
106265
80399
30451
149577
44287
37853
168396
94308
10447
165853
152894
27608
55685
113292
135720
63039
106419
162991
17027
2249
104076
165553
52072
81788
20894
65317
122556
137076
173593
47234
57269
28968
86959
123302
11300
41095
93214
155949
134937
123561
163393
172135
1513
47346
125419
11087
48892
152833
170367
56455
26231
99507
55410
6697
150128
120932
128550
75818
64603
29598
12376
43908
152784
154014
151519
110981
52632
44171
19076
55381
70463
132419
69575
126512
42976
94393
99211
92994
592
126420
41807
92844
76166
35147
174206
174322
115340
5931
103854
110078
164195
63218
91090
146664
163368
51090
51406
28962
76705
106709
165936
105000
129650
138428
81981
157813
147173
83393
30453
168830
105622
167956
124683
133908
85483
134322
151344
12084
74143
41691
74990
94682
145746
159597
118283
66634
77193
31706
47885
60136
150116
126132
136688
79475
12370
99937
796
44393
1582
97054
10277
10361
71738
64600
124673
114767
77397
131835
144584
101882
57660
35811
130076
45161
92066
152217
72705
126685
84947
5425
69789
156512
65254
137128
19521
151172
171149
123875
106488
3556
173135
149720
98465
132042
135102
60644
64464
157615
150594
44355
146298
97146
172239
20199
47653
159776
94326
137346
24530
41908
95097
87795
165231
150188
35648
102204
173072
52945
166747
97505
12213
82625
163366
10696
152407
117898
10084
33544
76341
131304
22139
140233
103513
17609
154530
124591
24792
156264
51212
113656
73078
135693
118972
98077
100094
112334
73854
76344
72332
46246
130227
133678
82699
96588
26586
169874
137171
93319
87520
125728
132895
24777
111270
55193
51316
91844
152765
166532
20921
146433
96370
3262
40250
170996
91237
64180
134159
77982
135174
61598
167149
109218
54256
97148
166607
50550
95262
12060
65251
169004
19707
141191
14405
102405
14482
133552
137795
154197
44568
22464
4299
22233
146144
112337
89989
24835
127627
125474
53996
52742
137465
88047
104601
160215
4267
124444
157133
73867
147456
114550
57167
69913
37504
150044
22921
75288
170322
41452
24578
53710
162275
120395
149288
32951
46700
69151
119622
25017
76446
101607
64052
159898
127888
78257
47169
95191
141849
56918
36292
22305
140182
174168
159313
112678
3934
15367
14807
44577
27347
113395
150397
90159
47050
97033
149
25193
147629
47480
43769
156912
93449
117295
24218
150050
115625
92549
694
42587
34924
161442
30071
136049
24238
67077
122349
130500
101290
14397
114557
105276
105598
42100
139849
44358
155398
125469
75355
130430
116735
43124
108785
124180
170487
119370
130790
168365
170844
154036
119054
71132
103787
158636
2155
165928
129328
38221
70768
25779
54388
28371
4873
153316
30798
56539
31282
29235
138251
67047
7991
104846
42462
156480
164799
159555
111578
95477
29134
90126
167466
168640
121742
70224
56852
63245
20551
151611
95461
150460
130694
14994
150752
11648
5551
82033
4956
111230
52028
110188
87713
99658
121881
120861
25593
18863
56272
102737
23776
168547
72272
22794
97341
99815
79173
65992
18924
168463
154738
145718
124764
14904
71758
41308
165913
35664
153170
93262
154861
100816
3187
47233
70118
25895
71322
120410
116433
46918
82933
148206
25648
126183
61711
86122
131532
163024
107213
13518
108699
72479
1126
172009
64745
118707
149234
70238
168024
87649
110115
105047
23712
45506
74504
123198
166149
134359
43912
78649
82986
25851
90834
87238
14122
118883
155313
163579
74787
121121
19902
111560
75329
87287
32786
85312
4327
109412
45045
21303
53577
140078
116474
92339
23271
140778
37438
49659
45075
170782
28425
21293
52310
155819
99922
99040
39490
18611
60506
20914
122911
62798
19131
37590
30161
66055
127452
65857
41915
78150
38908
66320
140823
161383
3079
145177
50414
152293
111070
67429
56184
159748
130449
44887
57157
92411
4236
170956
156563
103151
33330
58483
115366
98578
92862
84604
124377
74651
161670
142807
49356
65722
165944
46840
72527
30087
150795
134667
134630
73025
66409
148626
80865
65658
79668
95142
33954
26065
13577
166216
17024
151834
78653
8993
132788
173415
168453
57871
41629
44647
54029
31703
105360
13351
100742
81348
3190
153040
24636
102690
93431
50411
41315
103328
170087
150535
57873
107216
137689
31717
56032
107734
40523
125735
117732
91848
135178
4441
16117
88265
79189
45851
23316
52783
141467
34562
75314
102255
2171
6441
161246
95532
146595
4762
3002
27385
131504
130620
81298
162972
54168
104029
72310
108122
106246
59160
170259
161042
162873
77564
130850
156411
71412
87861
26748
100152
94491
18152
65512
158072
32312
105383
164994
161967
46539
33459
135709
150089
55667
144929
24243
45598
163258
16740
108978
72409
84251
27734
160708
16965
24385
168756
115518
80037
2058
150952
27935
37342
124464
121952
132468
9996
113722
35068
42728
147506
65084
71372
95504
39299
116437
46028
151154
148619
72077
143108
119119
34157
41122
27762
167834
84764
148331
59762
87958
105096
15987
29574
9936
155539
3527
162845
147285
55229
126199
155483
134751
7414
167497
102032
133271
4301
27541
86345
66002
13716
81175
142116
49505
50780
69064
69802
45181
48655
12124
116573
128991
64929
55733
86161
117975
29063
49689
89038
79626
72937
29329
11700
158225
166245
116164
102896
13404
30538
122826
173235
66606
165173
43514
126067
41187
64934
166898
145122
66461
1009
29145
136898
142614
135711
19111
94698
2680
118044
174089
61665
55369
150073
8319
61964
55408
94840
85154
61824
153542
116403
123450
2261
164267
157940
116167
114545
116022
7695
167763
107912
5625
12672
124542
33605
100933
85196
164672
67083
163377
69291
156085
23905
122935
140242
53934
55007
149974
108215
124694
26202
19802
794
13667
119143
170021
167256
136124
47493
26043
69649
171249
152655
68359
30012
82481
115266
70040
44691
38563
72349
24541
9668
57753
109234
40670
50104
95214
19972
106878
58214
63701
134152
161572
157391
57482
59744
23476
83533
136010
130907
144896
151235
86723
44063
113667
1577
43580
69079
53469
144522
108154
48529
4951
168400
4395
124762
161884
115981
84978
20925
80762
127712
155808
111229
86892
136068
77809
20421
158805
51162
7148
123181
75477
150008
29326
87811
1161
138386
123192
47001
34326
106097
55599
151833
160234
100495
83826
35177
139444
63228
172322
98987
103140
154654
148848
139751
161178
47954
93513
44884
51709
137584
125242
45960
22101
146508
148507
120844
40094
46173
23601
30348
71490
165696
7571
73991
9143
37066
33039
125008
127813
67981
106455
155189
134546
59226
19557
97314
135216
112390
102838
111792
168582
71812
110347
15381
60168
47682
11753
76027
56293
123305
93801
7019
155126
35238
162125
171386
113996
12781
112783
130411
15929
4068
8523
146037
154773
8475
162930
131003
40948
1555
142837
30172
108089
14882
140460
124525
156007
149467
20807
107150
106697
64116
105275
152203
59273
89107
94218
164298
98505
142312
72622
36472
83246
172503
26950
162369
152358
93178
144990
173240
98327
20073
32505
514
63711
173375
114677
45426
145594
22611
48698
130380
33401
35191
9525
82366
59077
155441
148015
56396
93703
40701
8024
40688
54592
122775
151580
152569
2208
161764
153579
93718
96087
156508
85100
25255
80225
82372
130818
28389
146397
157372
58920
131335
4715
59352
8276
95116
170873
129073
88584
78065
68243
139667
136340
20039
109876
160570
66627
7510
86208
162602
122941
15401
149801
86964
4955
19116
94411
38279
126276
156958
32370
132989
170034
55810
76391
120170
66498
7211
132915
152632
154540
160746
110689
27922
8550
99549
167016
16091
162801
85081
92672
35104
136028
14972
121178
22450
173286
72489
114905
168689
160913
88545
97028
129520
67917
144435
163985
29352
127839
106633
161592
170184
135735
133618
33581
161483
161205
56087
144513
150531
113694
113327
138572
19753
80663
135422
10737
76328
150254
56168
168579
33919
83813
100159
33870
2461
160220
136852
108963
171568
53421
31465
138593
67687
25147
130753
94820
69776
22323
37802
116730
1118
164012
104642
155011
71
167776
86178
51569
39103
149122
22723
9342
17985
5237
82608
18910
167672
70203
67509
158849
34373
162075
142459
17303
161302
26007
4054
139210
39673
85142
31705
124419
66100
146745
72141
59907
112501
169157
142965
41971
130466
111754
121830
15502
82710
75403
61264
147402
144939
140804
140977
105988
30276
63088
82383
55768
41986
129226
91897
101911
43838
68548
120479
91954
113911
125997
61585
136732
67677
67069
71125
5671
97257
74772
81094
34231
95920
174065
89294
103789
111001
9844
137293
63002
98502
130574
99757
100046
11563
164297
54870
79169
58963
4883
129012
44545
105764
128093
100127
147779
14571
2256
160882
57806
85801
83610
63458
100307
168984
70998
21541
155634
87665
28822
28767
149719
93009
10844
12029
72194
57505
66227
87190
10735
149949
128108
121401
82090
41744
92779
59362
126514
73945
170168
132400
27953
18182
140296
123344
158090
133219
161399
143148
95727
39550
72595
56535
131286
142736
81695
174388
134897
94172
143208
52401
80086
33476
65542
128877
77738
148938
73352
104100
110334
156515
142190
95767
40727
54377
166433
43541
165785
33794
123212
13009
58472
96951
135063
115889
27938
106183
83256
92986
106332
6253
8589
17435
10827
66402
146154
129164
108126
22778
59178
123293
62584
97650
119611
31828
11268
16889
52639
71405
42485
102070
69725
162308
156713
112982
158535
66067
81151
78798
12622
99053
56434
76582
46976
159260
169134
32356
132585
19906
163582
39746
31576
75296
154110
76225
74047
64931
145
88246
169190
24702
42666
118342
120180
160429
145714
3586
33323
59278
42627
164678
30102
62872
18207
74593
112143
72633
120348
59258
53457
100453
172000
24154
142038
81047
147134
6538
134534
28150
23498
119078
102055
28763
4137
87124
114366
144333
109357
34858
82635
130834
66014
128350
124448
25719
171165
71996
28807
134486
96974
128589
87642
172647
89128
150559
171794
134889
27298
126827
97926
174228
124674
7833
109526
124793
166947
41084
72816
158668
100867
31618
110229
164657
56629
66722
135455
109457
137098
75279
114165
140908
67223
140043
28860
70782
85200
143630
146875
101906
17357
48975
112531
109242
27228
64233
43985
132025
88800
102736
87856
69683
54439
92225
81381
148388
112406
24667
30191
135646
10720
68508
167619
151629
139349
127906
39083
108078
52819
88373
147454
112036
164207
37148
69957
97932
10102
2066
92414
31561
109912
128259
79525
39898
56976
77417
11722
23552
134932
120538
138266
17736
131481
114296
34315
152447
5557
118141
96029
13069
82528
153208
29959
33574
85936
151920
170793
28173
42577
89320
64459
55405
168016
171604
76146
47647
163906
56380
8470
73079
84897
75159
58062
86048
170398
107266
148423
87952
163807
27963
62026
147634
137508
65672
128433
74955
88241
79034
158915
135298
66969
146138
133915
65750
88685
139130
79401
5407
12752
142344
46248
103707
166397
57134
70262
118377
87442
171684
16947
89178
137472
43257
92351
2091
94468
89984
164906
148254
137628
137876
15436
132421
88102
140940
24365
107917
116704
56265
49364
162176
7931
125347
12857
117516
49434
85949
26411
53605
123179
72406
51113
147808
150140
86534
48674
111629
143219
156837
9938
52221
133003
164691
32111
52157
39480
131902
16937
169146
165247
142302
10609
84122
134227
60386
106096
128267
99699
137372
1033
29588
167726
23182
135776
153268
166698
73737
110296
114178
125173
54170
22736
154526
100151
169240
133768
27962
25172
143158
85638
172066
39057
116973
83559
129467
77641
88036
1353
91351
173769
39054
150583
160422
55382
2923
170578
34722
20185
66047
127374
164210
100315
145448
119842
66908
99637
85832
109316
9106
98391
137830
22577
55041
70939
86746
69996
76655
49422
41505
52181
96731
111826
127479
53313
111340
106478
34258
85779
127150
66777
70033
166039
112789
103897
160800
166993
21895
43690
29218
104834
125307
72726
163217
3776
171593
17050
163773
28115
55765
135310
118419
73450
88818
11172
41770
114199
90593
74431
131526
81481
163160
80340
133691
20442
143318
44720
116442
68546
131571
23539
24891
26136
143985
124410
33834
34678
15203
118106
123984
131045
70814
131553
16683
140744
95768
27350
37563
122604
8425
156474
4555
129988
92273
38957
156324
150012
27326
95490
144079
44119
118804
125862
122605
106909
97072
79211
67985
25523
128890
107783
173621
67284
84304
90958
81161
87832
169047
29552
147524
114481
135127
120488
71714
85794
62585
147964
38152
174281
93506
69418
87644
60831
89331
109775
20986
100717
39525
155147
75837
123248
149812
83293
83804
32398
57440
149127
88860
68542
152207
132413
67244
15562
7759
11202
96717
14075
164018
85830
96778
125696
172514
82229
144038
139340
5409
107148
28337
141649
172583
123306
99785
117127
52598
41226
86931
96799
141318
165293
5858
163048
109259
32103
80925
159962
131035
98845
137488
153143
128365
142314
139627
36477
32220
4550
36367
96149
84648
27185
40175
25153
9702
142284
165297
7562
118103
45326
71218
164359
171700
81964
33263
168575
50840
165536
76506
89403
63664
111300
123144
110314
50754
167923
26810
34265
13068
126118
119659
16535
158844
74857
77321
62438
140683
136025
57769
33642
134752
94911
121091
31135
95723
40053
44605
15468
101047
69076
72264
164351
140068
39680
59120
31105
67792
107700
92640
41156
61061
121050
94549
47555
83195
11921
140278
113435
38447
93594
164229
27780
157456
25788
106233
70079
41687
113361
126377
58333
124398
125921
142406
107220
114552
40709
157453
143253
59564
28657
172767
27877
154593
121520
132551
59130
166082
94000
165044
97833
73014
24066
71056
15695
127219
98762
1957
1553
94390
35511
140473
61748
158538
90290
13566
109181
14461
70813
97396
162502
147121
173423
147479
42815
3132
174054
28688
44663
67285
98509
62707
76303
134313
126300
2566
37732
145116
123593
123157
102574
157470
161166
114801
61088
5867
138464
52399
11692
102052
171489
168395
147341
113773
32448
147328
129401
158408
49827
128653
100343
23146
165166
166646
70442
149899
9943
104882
144118
151665
136882
87139
73154
71684
109372
22078
127517
147391
65067
167195
14758
90305
97544
162450
124018
24769
12569
136424
29888
83927
51776
95880
101416
173880
23354
38776
12761
48893
117971
52854
34497
107765
116415
147387
53939
144570
66237
129781
61105
92492
50364
10154
10485
56002
142688
120696
127874
53650
70544
62031
132126
23950
142606
34578
47620
162676
17722
56583
53689
98089
80750
89786
64653
1740
4043
72789
139029
104369
13574
35357
67779
73005
123185
101519
70688
142410
91800
118424
969
40548
121139
76858
64679
59378
114269
86737
139472
135722
34977
4574
139665
139027
58836
139792
50343
80707
118174
65568
67115
12865
3913
31449
112802
129398
128139
55323
16369
17161
44785
31252
19692
159097
56746
45059
73565
5194
107604
1856
96615
96761
99387
52701
153461
122764
46150
71501
123804
116756
142021
13626
17935
159463
123368
142321
89645
104545
112853
150690
141734
127555
67175
13796
29197
168085
60350
16546
105762
31384
102121
146109
40191
43598
44614
73910
94401
91809
168665
13900
170439
135258
12793
106468
14701
105923
41937
44419
44684
141298
170565
44551
64927
97264
82075
156386
127139
119716
6205
120914
146695
63408
35779
120129
71370
24153
21093
148430
18735
53281
110012
16360
134642
129987
145762
140307
137340
90273
48294
13541
33695
147896
12457
78452
149809
157369
100861
137521
58119
56237
124747
44068
162467
169095
115591
80966
59509
77697
95019
46393
139968
101436
110558
102932
144064
33897
55106
126890
137626
159320
19488
56912
77238
22801
68966
66666
103462
140981
43917
91835
86627
105521
100832
48762
118166
60661
138691
26026
50922
73658
150168
13972
124254
84106
63155
82467
12712
79520
35732
131770
80662
62656
134414
160105
13558
170626
122010
130183
69899
153402
15179
27362
44281
7436
80882
140866
69669
141248
86625
143732
89067
134806
159433
41924
93491
85521
26335
115143
163938
165811
96692
58496
68458
51069
24630
111019
13476
131584
163022
133092
24736
158916
115026
153369
34459
138609
145593
169302
47238
171428
80087
140879
100527
25216
172184
22142
123694
101957
166276
99940
3964
99483
162449
22522
85161
47934
142731
132428
65787
149171
26416
37276
113512
107429
36830
149569
53586
51522
59571
27488
108693
100587
42349
61237
120685
88948
96609
124808
121791
104315
109602
58724
147165
116773
14286
84419
154974
3572
117915
74327
132820
172429
127836
88238
78104
28855
75719
9787
38448
72988
50549
144946
43042
38669
128669
71920
166460
102607
169965
14869
164933
13683
18128
113224
74459
150801
137410
53782
13726
34065
144432
80089
70925
150663
109640
17409
142089
56485
79811
123242
51452
4422
7820
37479
53771
161378
67480
156753
20066
127002
119594
86706
126987
115046
27046
25526
92218
12339
69796
89483
30915
30482
154363
41078
147319
116762
147490
132893
22027
143510
4201
124274
48068
23818
11730
12811
10212
60002
2558
166372
26954
37016
84165
60016
53856
104481
4623
63322
152365
14223
66031
129031
47026
18622
113875
126453
140451
77753
44693
67312
68839
37399
135820
90457
38805
24197
158644
65415
56647
76617
164051
65630
52686
95027
161804
22975
126761
128493
19563
146706
111385
104788
4430
78880
9090
89206
66316
35583
28681
44125
5305
49021
41760
107583
66263
159695
38793
139753
53255
18742
11590
161021
82849
125420
169440
174158
72322
114329
161615
42579
78541
115295
36250
77651
52018
63660
119107
101892
147823
91275
80264
95649
64422
113785
163064
77245
151423
58200
13495
156665
79557
36194
31245
54271
27068
99376
94202
129798
84976
147477
28600
37798
62139
103414
6845
131360
114796
33812
162836
136636
4463
81817
143271
66713
88981
73260
141336
110159
138939
4063
94438
165887
126500
12118
16575
29986
15890
103409
163412
9493
17919
121570
31545
154624
74636
141050
146740
64848
166655
94160
149814
97282
141452
89760
8588
105875
53989
48175
35001
147249
27481
38497
77772
78178
104142
144938
170387
58193
82931
15235
136902
2789
115355
106091
2617
3614
65945
146983
71098
119562
103233
6730
147827
126061
102354
49477
80723
6911
10690
151183
107622
111943
26878
74311
171287
141057
65880
99050
113486
46547
134773
112204
120367
40000
94904
12561
19740
153569
110161
126728
143920
66697
107668
53229
111045
27591
79608
93461
162311
73316
63235
108610
101595
57992
42919
166946
36537
108887
135952
92304
57061
145289
96735
31620
136681
130319
84874
142594
167546
32635
136187
112236
155062
145305
137623
65838
156282
108618
8397
42679
106061
72866
81416
97981
35436
149250
15463
25708
158074
4061
111998
77596
89754
161486
98447
120457
18361
22359
165073
59864
103719
89374
81183
96539
174136
156777
9566
97210
6757
7401
19459
111106
63772
148458
88712
27303
136759
140153
25383
66824
68294
7745
60984
120316
50041
125167
137716
40648
73481
105604
63001
9183
49128
131103
61533
49176
62400
123241
167659
129911
4322
13227
139728
22178
121918
146292
172656
131341
6940
26260
69550
110239
34050
107808
35440
172080
53150
150257
19411
97
141230
131783
164663
160143
90132
12704
112439
158337
95056
1541
126009
147
35613
55708
74760
107374
45408
54716
24310
72648
63886
88633
100479
151715
120421
155282
24544
115521
152600
168905
90812
48128
27961
121577
153797
51132
63945
142750
93358
114548
132883
46031
49442
155035
127111
99124
171458
166072
18950
41802
150374
57092
56884
165059
97513
24047
51129
43373
77621
108493
152144
169683
150781
133942
86163
62084
137704
16171
53738
110297
149069
35662
66404
158989
135109
11942
123685
13617
68865
53573
130341
40773
100513
118606
56110
157978
15939
51771
88100
134240
35225
9431
87664
86965
120692
126309
144551
6977
17320
5418
154000
127747
109150
92657
101259
173877
145953
112131
123426
84783
86425
150990
22326
45260
4095
40353
55155
48726
12909
89433
34827
165656
90550
113099
54393
12743
18445
14008
44129
160357
126093
13274
133341
85453
14535
2993
159842
6082
116135
169274
155389
75148
83047
86921
139333
143064
44343
159879
47861
103382
75901
76152
134829
76836
67089
122177
154803
147169
158539
90815
15551
89414
153420
100538
7107
61128
90742
105423
149016
155058
24540
64159
165192
169926
42777
36823
90218
65451
85937
18879
19657
31242
61439
42074
81991
57485
67341
59007
81434
72894
27907
100592
121467
85050
123635
15343
93557
77904
143761
100187
117196
164216
6734
26819
139511
108993
96846
93744
120741
103769
128477
123637
103820
82531
147535
92063
88713
41882
113568
35051
68158
47572
29998
7135
143155
166042
48621
34742
151098
69614
51150
56773
79402
109154
165286
33155
18219
77478
33318
136404
37452
82406
148899
49219
115126
5400
91141
97533
36934
39988
48611
107379
145759
157595
74570
14481
108224
160447
143863
153734
55604
109358
41724
68541
86762
149947
102707
13579
16065
24278
1287
108771
171495
85069
58916
129820
57153
165005
1544
22046
145959
145188
163729
165740
90459
34630
138343
169192
24126
120053
5441
131250
88730
30280
29871
3521
30457
59100
66453
10537
157118
69055
102261
65478
136997
95203
82980
164149
57723
13484
93256
113812
114390
74313
31764
96451
26916
17652
42991
146903
67501
12382
34173
5468
116892
168767
3907
170647
27719
58532
124858
34079
90315
100995
136334
58525
123681
91375
32236
91922
362
138141
75395
79667
140944
47720
125703
103135
17297
35079
3672
54128
61227
73765
87540
126317
155803
20470
170674
26705
28179
55888
49656
119152
80330
72873
169349
139888
96897
59473
58
33313
1816
15798
36342
22438
529
58624
74094
81747
99464
132007
145016
54883
167243
55793
126086
27118
12248
44146
90451
172085
58003