31962
128893
96358
112405
74973
75080
98167
139904
150917
137279
18096
39782
80378
139020
75268
117297
1932
95096
9512
23952
59868
65021
43158
143337
37365
144336
10088
37919
3604
19354
76683
157248
94379
163123
79717
71329
59097
100666
78838
106212
114020
1908
106794
53755
16692
158450
11034
47463
58560
88631
3135
95946
109592
85667
169326
43528
17743
101436
145078
73773
5757
171999
77005
73134
23468
101401
1943
151640
89572
12747
33124
23235
166644
33598
113401
97220
74242
122570
4302
100878
70752
77064
21354
71924
29576
129924
82253
171880
136710
12296
13
95250
141482
48123
166386
37667
36009
161573
16635
17166
38185
4371
167921
88976
85885
87931
11418
45227
43811
93826
113019
77953
79532
33699
119611
93574
97503
125506
40261
79505
101244
45014
19259
80466
4414
45147
4670
131188
112564
84230
48677
119981
88080
103257
162233
20765
156430
78172
170813
116673
20162
105646
65052
15919
172940
125523
82980
18472
107016
123941
153947
55866
27328
62190
161411
13349
66187
145302
147400
57599
80397
113732
151236
105447
100330
66718
22977
96758
43944
96338
7009
111922
32398
90731
103384
28113
146837
143227
31753
42688
13604
61036
166853
106231
87856
143733
147830
69005
29057
134515
153200
122241
92200
27646
21610
158537
124141
83451
66799
132591
34577
154690
52262
105565
89106
92453
4180
114540
997
59414
15610
71634
125618
102891
71941
120314
2683
147079
121206
103333
165061
172147
71940
148895
77781
24429
172938
49808
142857
116490
20703
48646
90696
113833
5412
103584
19087
82561
1999
37471
104475
98414
167770
39156
35183
65797
33564
142698
148903
155161
6497
116032
26348
3926
42991
41364
130724
157544
127225
166364
39247
89638
87855
98222
57637
46766
34313
142515
65538
149580
8085
30710
119128
98292
137926
30496
125736
64366
142192
29822
68827
123083
71790
154602
119534
119156
99308
90578
115189
44313
121153
152997
136703
129515
158818
100952
157645
162824
10445
164433
55469
172793
30740
14967
126619
87631
146596
88910
172911
161830
161159
97723
39420
85410
134681
170693
122489
101502
26008
93895
74357
18444
118888
64085
24119
167933
141501
11868
115147
91429
141827
121654
136131
132172
82021
4958
144936
144190
75105
125211
29604
17185
60111
142632
139534
59570
33249
77289
130320
78698
146602
74975
168784
76689
16062
18612
160964
62087
174086
171550
122216
36207
164132
148968
16915
23223
122134
149490
154273
119022
129827
13429
24648
24368
81838
83422
11960
85528
147767
71100
128104
163053
49565
17290
57528
125187
112445
63111
60590
88552
112915
119305
46293
112953
40496
164187
168146
20716
164002
97596
145433
17321
35504
113467
53025
69128
14763
48847
26700
97652
69302
22739
152182
18231
32921
57955
60371
64984
37707
77980
31117
106972
21791
33976
41387
11971
60049
136799
113697
10049
119323
10555
18013
30399
122373
82768
110777
58366
88196
58315
146765
172517
157492
97708
144882
160771
85600
60540
121829
147887
63206
161332
122250
31703
62430
138492
68201
77852
97018
9545
45413
91613
83890
103805
21755
119329
93021
80407
50325
104213
4163
151031
172752
43227
141434
12992
102592
46996
139577
17768
24992
110732
29451
146970
20234
78380
55936
64548
85570
80154
76749
95584
124600
126179
31697
17947
10963
53411
53178
128802
34272
58754
25164
132216
57769
169880
144283
1457
62134
71677
125972
128052
86543
30749
41879
152223
50752
135133
141124
171781
167344
43506
133009
172977
4973
99931
21933
5523
43996
118846
64114
25793
38184
37205
124465
124082
169877
7044
25355
45549
107323
9432
128130
59991
155402
120902
120068
169632
75317
76891
15962
79686
4187
46265
20496
93582
42960
13689
93617
36409
87505
66878
67204
85164
124354
4120
168092
18707
23106
94469
161737
22966
65560
95753
5106
106680
69652
91897
124675
111731
122660
44732
118384
40232
70142
17590
102689
57207
104587
71169
92154
106263
140815
52472
160530
123830
10958
134517
105903
12676
34001
143294
128821
132738
34059
137935
139212
76441
59975
21048
5885
50833
111884
166359
107671
11751
45410
126545
139203
171004
172102
36368
53232
116058
26810
68458
156771
41163
71442
118911
120022
143270
116588
150356
147735
118786
154848
57011
32563
133144
13210
83712
17692
137055
130956
19740
39692
170356
45910
9348
128771
54886
117424
19797
116959
148993
18060
80839
165487
19076
67358
48473
55382
171241
81636
28645
159549
56026
79629
92359
144034
101370
152006
39265
59568
92271
106627
10870
19099
39136
9231
116384
59373
123722
46203
162395
100648
75010
81580
136987
144589
74090
67919
131900
144874
80453
32966
144705
138958
32335
101640
131674
148621
104651
149665
173827
58368
12572
20374
155331
21574
49222
159107
14747
171841
112
13687
167320
64616
52504
115050
150347
124109
94265
153647
86369
49913
76090
49382
22646
48152
48657
6139
103019
96626
146954
84194
21511
91
84449
159317
153955
139954
2414
72295
14029
40590
145324
107777
59036
81067
72613
111930
154669
42340
38087
5962
91727
6271
18725
32086
105149
51557
93082
169428
9295
3660
48059
153347
76425
144433
109430
18166
142943
170075
128240
131060
89205
132924
165596
29048
23105
167533
67128
40957
69694
97748
7691
33068
70838
9005
80585
128439
71000
164530
56936
47696
46736
79475
111398
109319
90955
4528
88130
173569
161722
32044
122597
145555
144759
88539
146620
146227
9105
164215
45266
53519
84064
132558
30477
147833
14997
109392
135355
74243
37768
170674
74884
61222
103371
105430
58063
135862
61754
153386
173472
170193
87598
23726
127929
1755
138233
172379
32066
105182
171078
23520
101732
58407
5027
147062
92097
64994
160792
76809
16096
162099
70544
123020
41953
61710
41582
172906
138818
50710
153371
48949
53531
111193
111016
119091
159225
23150
35198
40284
15982
77578
24470
8277
13826
115791
17715
133915
88913
115078
47131
64684
114428
75505
136416
13261
40163
173408
118045
76757
120472
143847
56159
61413
53134
7972
98985
110859
113036
7208
111273
5456
37269
35213
62342
91865
123144
103928
30325
74412
50919
59336
147190
63121
151940
33982
53345
33566
63287
3634
140444
139372
9324
30243
131347
139765
43495
61820
51427
171733
133326
118835
78631
72682
58514
160701
171421
9608
24962
39172
138808
150680
147072
99178
136822
123477
21178
36772
116546
83549
24419
104357
40710
105448
81607
96727
104205
81099
104836
3447
109633
109422
69031
140238
44596
32974
120292
125591
138219
62553
74782
140211
121801
62144
137829
121814
165206
3831
58403
15034
29490
64983
135740
172307
7451
150683
43591
62204
16776
51829
58042
56952
153642
42840
99471
64853
66027
75307
147483
111325
160738
143750
139652
74107
111374
87938
1317
53351
150357
53951
130630
135217
75957
47067
31030
160423
112591
170408
70406
114766
3877
56926
124907
107758
24178
64676
112494
148453
163484
164938
171725
103414
18969
109992
126716
135665
141242
70911
131676
133364
144851
173641
92523
97077
125311
16195
152537
133410
25306
61353
150234
55976
132759
128914
95049
169270
112203
59513
89718
147791
133513
59121
31335
25120
152523
56194
16174
9132
109763
22979
20193
88460
7174
75994
67685
18606
117673
37140
29145
39758
128660
40752
26433
158349
121311
163665
34227
118993
12068
109611
104811
19932
32011
54183
84820
51926
138302
82296
14042
9052
74191
118158
130715
112946
152410
122350
129527
83797
129850
76154
150964
135108
104042
169319
123303
165860
149585
38774
166222
134510
61700
170420
17002
149117
17139
131829
132349
83514
43679
170237
21260
70090
173325
26136
147299
127112
23929
57301
170752
118027
55515
136898
3481
140781
70170
160262
43619
57453
106304
121293
115790
162390
156615
3800
129156
83488
114661
79843
156881
138735
107197
165722
144537
135941
117801
167067
111591
122909
55101
31000
83008
124097
147019
76144
153090
56391
132559
127123
150232
158712
125748
150029
6496
54130
112320
126077
34175
125167
84035
8357
32292
148688
75100
5130
118980
23942
50143
138392
1118
116238
146303
147990
138790
124794
114556
41609
50670
115130
53339
153867
89360
141960
57942
158658
147808
105885
8513
41358
96313
163301
22426
92324
45493
40316
139433
62015
100266
10576
37109
99165
23467
60001
87415
72954
108328
123386
134754
18536
115327
70257
72805
80706
19745
4269
148442
147689
55404
143243
85958
124597
136190
120637
157718
161510
75257
38870
73553
29314
21798
153035
128371
131705
43256
143031
49400
137893
59456
158940
81101
47635
166100
166416
77506
81388
71948
25475
142661
34318
128027
87769
137988
31069
145624
41434
73287
16742
141195
70867
75119
168007
73350
11310
25642
57920
113329
133667
140352
101762
46248
82395
113141
15208
164475
85041
170668
22981
332
141890
75469
167938
22793
87690
57934
123550
167441
61759
23757
52717
22203
165030
73461
125451
37846
61472
21767
63458
10840
155212
160897
68948
82127
48258
91421
79635
66215
121381
31765
7037
25809
95112
55370
114898
115843
14734
23230
165900
145222
8621
137462
142753
56825
123153
169334
114859
31083
101214
109853
61906
68968
105181
94386
70842
439
94310
17908
65356
99339
123265
54043
121810
5823
63344
63951
16718
61654
59675
53978
29016
174011
161645
51281
139820
145717
46523
30194
63173
42864
2417
164439
80499
49655
67942
36887
117385
67085
8838
115617
120790
173972
64186
35859
77933
100994
54137
145266
2884
111807
146773
77249
153298
139225
21673
953
8515
151502
25958
40218
142478
44723
91242
14235
172459
96944
69404
131070
64744
44879
132206
162467
149762
71741
19275
9631
64371
5551
39597
110860
160805
148163
105285
127968
132710
26187
13971
7269
79769
13666
104065
76058
149187
162167
34463
62759
166615
50795
60869
74036
133263
28892
16568
50801
124752
129369
145591
130762
151964
123505
159523
87551
108513
77469
21736
92621
11988
10725
30863
25250
157724
129623
48226
64576
95517
33693
168690
27689
97359
97061
49321
74647
60708
165203
128588
60661
94885
88093
12956
58309
132061
22718
170040
103023
65330
23310
49026
14587
39679
17000
26522
61340
162198
88570
156737
42627
42930
156665
62230
119165
39459
163769
61523
9917
87617
44669
154980
144942
57157
38525
29249
170919
49298
53128
132717
153139
60757
46832
108961
154515
169114
162346
40065
97177
113123
103179
65696
96739
146093
123366
9146
35704
144484
27424
56133
150558
59604
58630
120916
102328
97613
77325
57039
27762
96132
151931
173596
95845
136730
46506
92802
46977
10660
11005
135488
5521
12781
42977
22305
99234
88792
94019
38463
36151
122742
11062
147160
13362
114306
35230
81228
43850
18115
106565
156994
67519
46535
1862
7488
151462
56222
121355
97757
119804
157766
41380
10810
16750
154439
112712
91524
137891
170026
157097
5379
75052
121067
55468
25241
83105
4935
8847
62475
119242
59509
458
169602
144510
59876
122964
68265
165826
74415
99595
125927
64759
143680
72291
100090
46098
20444
55064
52790
69153
115717
83955
134264
55774
138736
49793
96219
144206
63831
164721
153073
120800
139166
131968
21975
72422
7380
72264
165275
123607
9796
108608
21061
54051
101745
60496
74395
76124
104702
124924
169344
62001
64625
151064
109995
145851
74708
102738
171872
22766
28901
159342
7777
74756
62240
26860
36649
162239
60175
96229
100164
162575
29532
11214
31188
5642
163200
87901
50192
122759
168565
127174
6441
57849
5769
108150
173579
140350
137377
168117
911
162542
69344
103357
58064
168180
60215
137046
114953
26441
13496
104893
165971
125990
121741
9649
45941
35740
105049
4061
128402
34449
45246
7592
162630
117655
58141
39663
49456
140338
66598
155183
88367
47610
165336
156868
145594
57300
146390
132325
117818
56995
78381
44161
150099
3473
11350
66630
3140
2075
81647
172535
136109
69680
151860
21500
174408
82848
59960
24271
142941
105129
73993
103445
37979
164937
54434
30443
82489
9666
42770
128495
163254
139571
32416
163560
5364
166559
108172
80463
62268
5402
83754
115444
115792
161754
127432
132427
103253
171924
149699
139834
72192
46383
53268
126362
57165
43540
103600
26222
168797
41591
28236
74811
119072
5798
61212
135760
79906
77791
123593
107298
65068
18006
40673
95829
83775
149343
112388
47441
52053
91525
108931
146540
113243
119177
114848
100354
77584
33496
49949
139973
70860
154340
164683
102823
99285
45032
90699
61247
49915
23389
161466
4902
54959
97258
135863
160242
14281
2712
58352
99472
85068
124680
21324
43228
157320
111263
30121
127538
172296
44405
63350
32551
32178
39157
63362
156668
44455
136567
80641
74384
71394
110612
94394
160116
157867
155516
132928
16105
63339
107980
118315
58880
78343
12027
71462
17398
97176
47203
138514
152830
154670
50084
16821
59705
132816
130945
97807
81959
104871
173869
157265
52079
159323
131401
135623
15044
91757
125933
93602
31351
111577
66270
62636
84304
132071
10321
45046
154817
8259
23651
10798
21143
86563
95759
92442
50542
129725
90315
82190
86505
117941
27339
105495
47425
68680
129790
7376
118517
138526
74784
139878
148393
59421
91058
60589
117151
20053
50773
93657
50771
139396
157241
76205
118633
70543
138614
145228
109137
53287
152215
25611
56812
140017
28281
155831
153046
134835
171823
6829
165097
95484
57793
34494
89825
71177
115846
37174
48378
20430
68400
17314
102811
13448
57418
103455
87168
158562
99536
115226
81402
137233
70027
2613
27419
83469
121426
153681
66281
92428
69176
67757
166649
128292
95645
157420
58693
110111
70620
21063
80781
141722
28994
26730
6171
95856
50879
67364
158674
164498
12618
161084
103898
70803
59906
92275
2383
162664
36950
124116
61385
112762
110293
41673
47328
103980
32386
65299
149485
11264
144477
37647
82752
96441
44149
128618
104354
36131
98095
120340
149746
110714
137132
52287
68649
52678
142332
165560
166151
91791
48346
118264
60760
99390
91221
110665
52720
34432
141498
79246
165887
160328
148486
59600
99428
42055
19821
165780
135606
107253
52726
93708
78985
90990
46050
90704
27092
89998
120505
122524
32686
145385
52979
164916
56851
53933
171849
57250
66877
42438
172824
9459
89710
52375
59322
62692
121378
30317
106235
32832
136661
158009
43627
149797
119204
136699
172144
16339
86939
89750
111031
171971
133583
125521
55878
170021
77819
50171
102588
91356
125417
34860
57554
1739
128789
143566
112556
138944
152071
69486
61876
147032
21192
141891
37755
140330
53510
139049
133638
83389
151109
7423
144800
132067
69423
130592
112730
72343
157592
107712
72446
138658
157354
153533
81506
161297
89790
62292
120903
71579
101020
70453
161494
140970
116752
160395
45661
23791
164634
26189
45240
47202
117313
158333
105616
126551
74059
165152
83703
45484
587
67972
30593
155602
144303
114623
19978
55985
122253
76671
145443
103570
79144
27695
37706
147884
173872
116182
122542
109499
69250
110526
41009
39511
166503
167598
123740
16728
7969
97131
144123
46847
149511
168499
15296
147652
52829
26946
45590
138184
156132
88751
97703
48001
156323
105985
17091
20840
117649
56864
84475
174050
116627
115236
21056
89210
101667
60257
166098
157742
145279
134406
78920
5474
171848
102974
95418
1385
48920
140915
102385
54304
82458
77011
121925
43724
130752
164970
100423
48189
95280
135457
154988
99180
128273
32337
28512
62262
33408
71059
161125
52418
38297
74479
131456
93900
6247
33151
65867
135501
46372
153470
94190
109043
37371
67585
93457
12963
121158
47852
142914
100854
161906
73182
97903
87843
166724
56335
56326
119536
137837
106057
56768
96389
20015
24980
133016
169355
166871
19768
38913
153793
65804
18397
70571
52701
73119
30118
125813
5438
125957
123918
112655
59507
164662
73662
73319
32780
24661
115469
47066
138423
121720
58662
27710
67587
15101
108527
72572
7043
164093
72654
148254
87368
159563
145365
29041
52178
34155
87268
166514
93863
52042
121276
91026
74431
158828
32472
165848
131871
92640
105427
110025
114416
92791
104905
36373
72115
25619
7114
62287
118692
78258
313
125958
116029
75950
100599
124397
90602
5307
25023
141947
54857
127841
60943
20520
109627
31196
55829
170375
67076
26853
92248
70419
40169
23025
140930
159994
37494
71921
130095
17250
41737
10762
18507
166382
173145
77218
81858
8660
28215
77074
68060
103004
162726
64078
120568
121465
53413
79352
101142
170175
44968
172726
167882
137779
160436
141971
73932
153709
29286
1440
145384
124040
16723
29925
98446
72601
159925
127030
38591
173083
42257
149186
27820
116706
167333
28246
41839
167203
4563
11553
86811
151410
122645
79764
12255
19152
149411
27781
158540
38414
133997
116821
124760
152447
68274
80911
60477
126948
142353
147269
148445
140429
61397
37528
110872
93006
127765
79724
88581
6527
104381
153492
111576
150108
162663
86017
83241
84526
43344
74079
165067
16038
66833
28655
26998
18154
134386
14345
66211
130858
75367
48512
156604
31127
135853
42981
69197
63940
96354
133427
114143
120618
51980
107062
51901
65221
61675
106975
61936
24319
79517
60180
61510
137580
67886
150249
123490
132488
14305
82687
127090
144763
153103
156656
29696
9856
64830
85202
24854
43458
20917
41156
148720
86173
7756
158467
83586
21353
74252
102027
151780
60300
162578
27207
151040
1764
51440
84330
122734
68663
23775
41263
65247
121369
158951
125710
47413
40024
58029
170204
91607
117867
58711
160719
127884
145452
148441
69075
41326
18297
28585
169967
39269
120590
48254
27025
2369
98916
48316
138822
41307
139394
36365
107860
1516
123870
100824
95355
49248
138517
140147
115031
174250
86209
120583
133054
33773
166395
85246
102641
127495
55310
88010
56632
139632
29441
83131
140422
76435
4699
129234
3700
90218
19667
62691
60739
82945
156509
168104
102273
71299
137612
137415
11234
160826
62931
19476
123401
98640
26484
41374
113554
42070
73475
115439
106162
54891
169691
82545
54986
80328
96968
9583
164183
123411
123966
51486
109024
136442
107902
162190
69854
102735
172942
162715
167589
26855
92430
43510
24755
73732
8293
83220
46555
59010
171063
158322
166787
101456
90880
117060
59117
49288
57046
112632
109813
10813
98499
4537
51823
102673
34062
91228
11293
22258
50115
31363
6597
141228
105724
142486
158026
74271
37267
68552
42457
141030
56921
91069
89158
114520
17129
94626
59881
6508
119830
33229
145044
56082
110212
127250
171398
40562
109616
173990
34683
148703
172671
49469
14252
55989
59814
20355
89842
84930
146367
149425
60806
55292
141303
170458
56033
16394
155766
76562
41578
124790
18105
64844
168728
11549
41092
21973
70273
106112
80080
157168
17570
89268
22659
112692
108348
173729
73519
76986
12162
89785
110199
67368
44615
142284
170154
158602
173412
5044
81226
60810
171157
33163
124615
17901
101522
115266
86973
127022
13610
53818
153332
114440
53909
13945
74388
55994
6106
6618
37292
86577
85113
41521
108229
82521
142258
33541
146606
50854
63989
63357
24360
156774
69110
11423
46468
96257
86566
143929
116354
49649
69160
74838
79030
127928
97397
35968
156527
57005
173492
52813
13697
160609
16802
3273
83464
117476
37428
73420
147961
134512
15348
162558
91382
173708
79673
22354
86221
165391
78134
24849
8796
128662
69220
105283
116950
90640
18250
117418
31978
77856
108176
12542
133231
4097
151839
68712
119163
1289
109706
111768
125245
169292
163877
167591
160949
100510
34698
13064
111465
14883
70426
73091
137530
13774
90900
96104
118310
131137
108714
135747
65160
22736
152525
11807
103970
126205
87308
73520
122931
131030
60788
152835
156592
110402
126018
166285
79718
8902
99745
141427
138612
57604
30448
120739
172283
89912
105040
158695
174033
163469
171046
129249
168722
101380
106313
109842
157960
46157
117028
168742
121584
142728
63574
113918
9273
7850
98016
107374
108802
22349
146967
127727
33707
118451
33445
153204
96437
20100
104691
153280
33399
102444
144279
97762
160961
121037
80979
104527
114358
68465
53593
78400
41086
168825
104121
133954
156967
87698
52693
84913
7119
42784
36677
48100
109500
151782
37552
13422
11362
151728
9923
38396
136134
71605
174044
146388
137115
167404
36878
87976
94094
46592
128147
38465
22617
139593
103284
166769
118066
55327
52103
70108
121815
65133
47006
98203
73996
128092
75685
107167
10267
6869
102560
646
40872
34053
104799
75180
45208
142667
130565
35410
128343
39252
95178
137219
35166
155698
56209
57145
55271
36631
43117
36090
113517
37876
170933
62106
67026
155182
168492
61991
55332
103398
132207
121941
113156
133495
88591
85460
9679
66666
16430
11140
24793
151371
92344
43476
32259
168940
84346
114771
157839
163887
88040
25997
106606
2239
151213
129926
89082
123803
148039
64880
3805
107719
159210
40976
91903
137812
101991
3333
140399
98024
132420
148096
93800
34758
7487
101936
94514
22126
99578
174334
11383
79439
167656
77392
126034
68501
30926
155974
60041
140807
128381
90957
171363
45886
92117
2300
38849
62634
53530
29588
100805
72888
168775
53528
172342
90553
118373
122689
71531
104677
96088
23643
54122
130751
170754
69657
29258
130946
28724
161431
42261
53175
27606
78277
5599
27587
129517
110337
53834
47998
90676
102948
160396
145789
121106
43674
164869
66915
37502
97854
101768
109589
15030
103543
104493
122402
20584
2219
16072
138290
165956
13886
48177
25772
143120
136935
28119
86179
117399
153601
104210
46148
30044
164043
72687
124156
8940
101779
40018
10769
67412
22653
174316
149127
63638
149010
117290
107559
24637
100833
82361
91070
78908
13231
124094
88589
16876
112046
68548
117227
31682
19569
90268
35134
22699
20144
22047
12091
148719
121897
32829
92195
45844
60737
7781
23073
12694
30396
16321
173576
67481
88107
22195
135165
135964
126304
72331
29455
168620
139388
9289
50048
167885
134769
135720
168988
138249
110237
51402
34274
150449
3490
15050
94370
8419
107694
132833
7912
110114
26462
83833
52689
122586
152971
117816
68706
58971
36095
98610
169405
60741
47388
118845
92464
44282
121809
79955
127996
28227
97283
24609
161623
28871
67548
143906
75912
92134
88861
46671
74273
121951
18948
92947
137748
150524
69319
3927
81659
163549
165398
79693
66169
37134
88384
152106
150619
150750
13736
64958
115707
92506
154635
11632
149050
127282
6195
56220
103329
123400
52795
63198
106719
10708
26638
29631
64929
61134
99196
28781
36346
16469
167123
132987
114577
67225
53559
28723
73784
133960
155692
117315
15288
173153
112483
84538
159298
119923
44451
5417
87990
68268
135734
123798
89611
108391
153390
127367
40469
163903
173315
146450
117370
69170
46688
139358
145460
7152
75006
79861
128013
30950
96102
134800
76583
50156
170900
113786
146446
40341
83806
170764
121622
39606
117986
155471
135099
62437
102805
126589
70418
105900
76060
120993
48081
123469
142926
164465
169978
41113
142675
25863
3409
110796
133267
36931
72587
109256
19289
127158
137460
42050
9297
87792
17364
172803
67075
11428
86154
165963
73964
37989
97044
167155
16553
99866
126984
19566
63544
48727
72168
6835
1627
100385
161640
85696
33377
138291
140445
81951
127608
115739
76017
134282
111015
153059
109361
87385
93676
156382
39542
170368
44364
27107
7611
38565
50126
77995
48859
6541
21830
125956
82977
9905
120503
140679
69619
107031
10973
112777
129287
154027
153398
137652
137206
50164
89347
49871
139476
80602
28370
127035
75097
110754
122928
45117
93228
100265
152250
46062
158336
123491
36859
144661
81501
36660
77060
89730
73072
78218
149708
100359
27264
31791
2672
163347
133556
160929
113477
125581
29327
82362
31031
68737
132367
27152
25601
128252
31983
122325
84023
9840
816
11194
155655
130110
126712
118873
22153
107552
174335
31456
41676
67185
37631
137137
118104
94430
121631
69598
10919
172570
146274
47946
168616
90713
61714
138678
27847
90596
139261
168823
159810
47647
100032
129923
78338
122209
21702
42107
52798
128106
102768
134827
4113
21113
131866
23838
154084
28531
90615
58233
5312
44894
28544
100696
26086
100176
143317
13709
146445
123570
49660
3637
56294
107050
128930
1651
20567
4949
91059
89969
43943
38842
138278
131963
4889
168114
70424
22774
136083
148035
3275
156342
135287
39362
25422
81952
109280
4466
116729
97625
86344
38886
95667
34883
42086
41520
81684
159980
131610
38071
152332
38035
90399
43599
111257
36975
4347
144422
136242
104487
34602
149908
23126
125609
150744
29944
171278
46039
143879
136801
2676
155882
57491
45064
16551
50802
109059
7851
162987
129476
20361
8185
6502
131416
71318
159846
15015
126775
20207
90071
56561
115674
75671
29636
40033
57276
9658
69493
5095
79982
51906
137084
17113
118614
78115
131588
23751
101289
51360
38492
129508
86356
4221
174381
99637
112705
71068
110117
63032
60849
65297
169138
43535
82849
136813
132970
87634
161300
122598
91489
150139
119446
92599
13139
167640
30747
165098
109718
144345
71098
12942
129635
147458
21008
160331
1470
81252
20918
84484
64331
93375
13685
157890
105663
18396
36125
124416
82334
11942
157317
145864
165393
145819
57653
133374
97281
27659
1573
160755
126257
87076
86847
143385
81362
103632
173091
174414
43907
159759
18886
47280
98821
106996
23498
95576
102982
128619
28698
76688
41881
113820
159189
122629
63125
138192
157318
155240
52192
125947
58975
109231
68298
146332
59175
106429
141539
45970
172529
83046
115174
171860
166685
66988
159651
10985
14898
119338
128338
54118
8100
106866
59677
160896
119277
60625
121591
157104
123027
37886
110607
13529
119628
125928
142508
107489
144626
129655
62109
152414
86982
50270
88256
82378
22101
11937
133369
52527
101718
94123
102596
162061
20539
104605
33658
42897
143761
14646
85449
71727
122181
49041
35407
88707
162819
130667
14801
121564
167956
151948
70104
54965
140346
97609
21121
32275
32510
30103
147434
160847
118735
101240
24567
48672
107953
13588
73494
96885
16529
66555
25950
67286
138581
146400
12142
144150
167207
98717
29051
133572
53830
98788
158454
21557
105404
1578
173397
172740
148084
173857
40718
110713
110121
21307
53517
27849
162838
122915
42338
71291
25552
138856
39996
43781
140451
173332
97444
150368
53471
11546
75143
80684
78717
55926
15778
92554
159821
163446
4865
99238
50774
79482
166332
172648
3399
156682
54844
106570
521
22337
65442
58718
11499
83226
125853
17295
2252
148496
37773
59028
130957
172963
54569
169544
73315
107096
148502
102553
68329
137174
105478
39592
22711
37618
117342
77755
151090
82095
15114
36476
137323
36334
128518
81537
172269
130014
44915
82027
170859
64020
79659
77020
85094
101220
147812
82235
117869
166805
89040
57327
45979
94891
4727
2998
82402
150894
171102
4784
40582
53197
27950
51590
106803
114430
2589
92678
21263
34057
142542
166654
64627
55169
62464
75154
61687
127314
45597
3920
142763
104758
164655
38746
135037
133091
143336
141643
116622
10872
41672
61214
155032
64051
86022
80272
166823
59863
42401
42035
71806
48297
27232
162942
163090
94523
113077
97661
82102
144823
17582
170656
153448
122696
50976
156832
64861
70964
121755
126427
56520
42499
11903
18779
34253
113134
104249
1568
138888
158750
112917
85505
71168
8059
118675
107514
32199
101711
141953
57132
43956
76872
5388
123522
23964
62039
68240
36081
19389
68301
149232
115501
146382
15810
144158
99946
22323
125538
1785
10889
40821
172428
43965
121059
80672
144341
128437
49918
132468
84417
34661
13476
140774
42993
96702
128481
58495
109521
118464
5214
67952
98474
81677
41105
165245
10532
109247
94953
162149
26818
139705
144782
62981
141934
90205
112335
83416
100071
128312
58698
61562
170106
106140
7942
149336
52692
18748
87932
142138
32600
149549
24428
19738
71728
121718
102579
148696
10408
54666
39101
94332
24675
54012
74177
113133
106309
150052
86486
46808
99569
124270
95938
11199
84612
67044
88821
154786
165044
62303
110973
70325
30799
125399
155084
11066
162598
154011
36028
49895
59946
20564
131776
89247
120944
82593
82793
168819
543
13758
76770
158929
158650
24285
30536
89351
35865
155795
107504
9439
81928
163851
23085
25076
52469
142782
135514
38515
169227
59838
32517
113933
77206
2167
133306
133562
168552
132891
165936
173752
57621
21349
157519
39677
29224
116109
132936
124754
53726
94416
45337
129651
70678
94835
67021
14638
139714
77892
28288
94696
108104
3553
137264
169053
10653
112981
82703
134303
123103
23055
134707
6633
35823
101219
30241
11818
132382
173050
19051
21213
44707
138046
151145
15088
92562
132946
74913
4620
46362
121169
57218
41712
151140
104094
40551
3615
97511
86844
150955
81006
25652
48373
66276
35215
3934
152083
151856
22298
170739
170507
125568
76971
149390
101932
52831
172848
162889
139059
59820
34054
20825
29669
34061
16561
87405
163918
103294
114418
58564
9783
75294
107278
152562
128935
56090
158822
65350
65130
52365
165836
69063
46837
15783
138639
11431
34311
132506
88089
21212
13214
13469
119238
164125
75239
128943
40448
53087
150928
141518
127875
25230
152433
35376
13005
69885
42911
63682
44208
172370
2551
120031
96082
170541
81915
121507
79760
82892
111278
11541
36041
71965
89121
127949
137019
13256
12864
70073
136568
76941
57830
5771
48508
45594
115587
116298
156389
75488
29207
25137
118376
74474
142199
119827
88996
159904
23634
24859
70503
93462
131368
22462
65417
136531
119910
129829
82523
32020
43945
100404
26292
13061
111618
123622
31609
79863
37224
8509
59127
21675
10787
77991
63178
55133
51783
138021
61001
105310
172645
90512
126698
82889
157313
142507
46360
74822
38152
74987
142383
58559
59793
68870
87739
139967
16740
131966
103017
162067
66960
64675
123764
125266
29280
71454
148299
39089
20236
139518
43997
134724
97724
99746
64809
49985
53237
84331
85580
48274
47283
36968
33814
58411
116829
107869
67697
152082
7421
126827
145952
142739
6686
21697
161536
117298
131936
73799
116551
79391
132377
62859
103809
144334
25613
12380
93455
75724
102474
128485
119995
95031
112947
39412
126992
131100
77822
37429
137232
91404
22217
66345
85358
47459
162696
156411
124810
32070
135234
172067
87605
121389
75737
70301
158304
54264
106372
78072
75014
57087
41161
67101
46230
60435
153804
90809
55202
79708
151311
58071
123111
43960
84433
116156
107064
154977
93845
71196
154172
153188
162368
18136
169586
161893
36740
117470
52093
123465
111352
45656
135703
155470
46531
77526
35362
91917
125876
37405
100097
133557
157054
162143
140269
63629
174024
170665
84707
81919
87447
26611
157734
64891
170843
11967
38133
80604
100379
30917
164885
11437
18949
163343
90247
88121
51410
117926
162262
49181
136727
97995
27777
50682
156598
127057
109584
147131
35833
127339
113696
154850
51902
160906
117141
93179
41524
131264
158203
106693
164175
116943
12566
47166
90014
5352
61051
115828
88513
113237
3613
57077
129560
16648
1360
139183
32766
110602
121541
42336
17268
32681
148196
130208
109299
120327
123747
97293
28230
71128
133153
119282
73056
99336
35303
3758
94047
118382
124934
70221
138620
156273
36910
155969
137472
19511
16653
53359
16963
38417
150312
37452
66638
12798
166392
166624
2584
131068
118390
25296
142639
138728
143986
117403
147720
2129
152754
62284
165251
170755
2389
103381
154365
21471
51994
78113
14089
126701
133810
46420
81500
151596
170101
31416
117395
133452
155919
78175
111824
164257
32045
58577
158034
7780
73984
119014
170874
148027
135903
118570
125639
147677
9425
93522
42786
88907
24515
70375
158966
52959
91107
84554
62683
21333
122747
164833
43606
81257
46845
40777
121793
159082
41461
150039
127850
58354
135401
153172
43893
141636
25525
66933
120425
52713
45447
117626
140641
122884
42137
2517
145487
85332
35182
20105
128560
64493
145521
72811
9216
116948
145603
77359
125664
153431
85715
65304
29348
61236
1948
46135
44410
148740
48903
12160
162787
66140
96633
34006
27804
10240
151400
112686
42152
130886
24595
9758
99286
141128
158262
54047
23319
64728
30491
37337
63769
25543
171323
13040
79392
159311
25816
129311
153708
155253
170899
2745
54572
135270
83588
69452
8094
55822
88989
113528
144877
72941
134192
67614
44168
25773
112553
99464
150659
118940
139798
139970
122965
30734
87611
28765
129289
6921
29251
46895
103226
97602
120634
94298
49143
108436
87129
32274
44649
42108
112628
38872
79471
106593
136236
78582
154296
117136
158247
1045
132665
72231
3433
171590
78479
165089
137035
100719
137990
52534
126870
48577
144133
55767
13489
129028
21414
2276
144063
167485
18839
92488
10430
76722
52463
59714
4489
72560
174019
62455
122391
120171
21727
76744
69051
84335
124751
106026
152999
4225
148682
123821
161073
168212
3080
40445
5774
44155
118630
77158
100853
124596
151063
44635
91766
139862
165348
50061
54356
136451
52119
59527
41708
52956
152894
38156
64280
12413
142602
158667
10390
157755
118408
69575
85801
115927
17138
109943
148567
142285
96284
82644
172179
89956
38874
148896
76261
59783
155060
136008
124854
140311
64421
82614
41873
53455
38526
125075
139865
11410
84182
3824
108936
163248
50367
9213
861
63588
40606
80168
80977
103771
125895
86201
65348
337
140397
118860
111121
27435
54406
86087
101005
59002
62991
97353
158934
103160
15772
61046
47685
151122
127356
134635
110351
7229
547
106398
126287
78564
166593
137766
55598
66430
94157
72048
47983
31628
124287
94357
117504
31122
151199
113090
151857
119498
2297
29525
102962
91417
55356
29619
160377
156141
45248
166063
78016
103769
49352
93267
107852
47044
76765
135323
105820
154325
106681
156264
32336
99825
74919
153933
38252
152279
105319
46427
39029
83709
86225
34616
156306
111018
169585
57595
109126
171758
88183
23470
102634
76593
160990
122453
60617
172159
143261
53280
106052
116834
168822
74335
170017
18053
30128
111800
86013
17485
172037
63318
137846
144544
124748
168434
161455
24791
120464
12363
5265
51008
137151
171389
21342
1674
37470
76789
108797
99097
4079
24483
35295
34605
96122
54537
172819
72590
115169
150484
51663
49385
12570
127067
70952
37608
99548
97421
101131
167280
65090
154099
152809
138171
135718
71541
66217
72368
164373
95999
139505
73565
123958
146058
39463
120244
92448
162746
108374
61731
160216
71602
11833
76335
22002
87590
45180
13722
144180
126828
31720
72735
162763
95927
96676
6550
61030
22811
105983
67640
31415
166806
134117
129347
127318
131130
17093
107855
13494
9153
123198
42769
167824
16824
166713
50920
149099
46871
324
24377
110328
168402
69391
129358
173274
21207
62620
48198
108135
143699
21023
155540
150441
44373
87747
111813
162623
158821
70238
87827
133993
128779
15038
119364
68478
125444
26572
15818
6571
9055
3348
43129
86439
70420
139440
162408
95542
159554
140285
157150
38067
28575
48247
68222
96861
74289
36690
84765
70494
56062
25273
40950
74156
39233
32621
103429
104516
31430
113320
7893
39667
26447
94322
41491
150765
86796
163362
29026
108267
28473
155716
4521
168789
103417
6211
16452
82225
101608
52686
2593
86267
14374
121322
99254
113935
125050
14199
82024
69324
92296
155818
151627
72750
118155
91080
75174
134576
45390
7598
163621
114909
85422
70935
170559
142587
6978
105003
44893
166207
158131
159600
113668
172022
24115
118519
164777
77793
161267
10969
103225
172239
79522
38118
79341
120927
65679
84114
108805
29098
162954
19790
5264
56512
49609
67469
75756
82685
110793
104179
39088
19861
63556
154896
64793
71966
167624
74185
148443
31128
65415
59158
165256
97552
153938
44858
146646
162564
151087
40486
108429
13545
98911
165764
50587
151636
127997
66086
70004
68747
50582
119858
102316
174363
92830
47482
121623
98803
90873
88464
35400
106418
103421
78330
157609
15004
128757
33035
129084
95420
33486
133529
124315
83319
21274
96789
26340
83658
6228
8780
59014
89634
27967
124809
151922
9523
18495
105226
34085
111253
46673
124594
121638
145763
33464
55234
102967
156464
39675
33823
171718
62853
42750
6555
40534
48137
33404
73770
14228
30748
71873
131761
57996
153481
30937
106541
71561
63736
874
60132
71505
101107
97735
40995
29099
76985
11757
7890
131607
107768
81598
84997
32967
152365
10106
46570
172544
109839
110054
26092
18650
8743
76751
115768
54730
19479
98988
59758
34636
1235
171763
49159
12591
53562
57888
147321
35189
90965
69029
49687
127759
61779
73277
53662
47232
56598
171993
51009
162133
3647
48761
119603
33776
630
51244
45406
86674
102071
84129
52935
146144
116708
145511
159928
49174
134569
171934
69843
12713
76845
137011
170800
52256
74931
148811
19833
100417
70174
23599
136445
148729
22283
73583
160782
49265
110165
54549
164133
23102
117961
161339
14648
163122
3860
27240
28348
106716
149069
137486
34491
133178
279
173105
70927
11235
72763
103667
22926
105706
56032
57762
95150
35277
86570
19268
166957
48324
22910
44024
151234
148610
153634
119955
88684
96196
173680
148585
118442
124300
52566
18212
80131
93732
119859
5341
120789
15447
9486
156676
112690
104447
104813
158812
81888
103729
24689
64847
77883
94631
6522
42783
149439
24518
37867
2343
162531
47703
19851
23592
120417
110228
129027
107139
36580
134826
138881
146993
95056
141876
125213
85537
49301
47784
121227
102162
140060
36493
61620
139583
91894
139221
38840
4327
91099
121301
126728
125911
69271
97781
171043
70033
63051
57355
137675
53450
51562
31159
73808
87788
118359
37306
54799
79394
40150
143464
42594
116315
39222
169005
172802
167713
109689
33268
155451
2485
75482
71065
87310
70154
2123
107580
149510
74625
32516
111918
125603
171510
113373
81489
49242
136446
55156
157997
30616
129788
6592
105690
136346
107229
139110
5324
158357
163397
169739
123294
142417
156639
95451
114185
30683
160495
111326
7608
115235
95743
70140
51027
61063
49108
169593
74630
51956
50740
44794
127355
39397
166201
74342
19774
85647
23138
85492
138551
120412
70553
166039
46267
109932
173591
27373
2918
151975
12436
163101
25083
145788
130061
5959
116318
24216
35488
102224
98013
24739
32993
33176
67290
26358
138096
58593
159564
63893
102847
82563
53738
53105
161128
70648
55314
103985
94683
145412
64268
41145
36315
168021
134621
33622
56312
29399
170053
69952
102894
71689
108020
142165
69978
90176
130544
27519
3754
156040
48318
92820
51128
108075
102167
42136
148526
86175
81535
126978
83650
111503
131572
166230
118397
104653
163374
142136
107457
70577
52847
2928
108221
5663
43063
76717
94619
170433
145102
27277
48220
23622
15336
36527
159372
19783
32712
59297
158976
66099
115848
52789
39530
116591
80810
69740
109643
76626
136177
63394
120334
131711
102036
10514
75438
5539
119739
147924
140852
131297
49571
12189
30408
154991
27709
4314
23191
105742
91586
76408
52008
131773
588
115069
41596
169330
148962
96402
9715
71283
102221
104198
162141
135074
37297
165116
163415
35313
165482
85072
167576
148541
19645
38706
33388
47502
36726
143222
167371
43059
47405
144009
81258
80646
20834
75479
11363
80417
4909
35068
142485
60118
151357
127775
46755
41477
105599
29998
145086
156935
21918
77204
72025
59977
144175
172047
32474
25936
153236
1776
75380
134567
3354
62266
123716
49107
137212
45900
52006
135571
56480
41705
167804
56784
142449
141005
130679
138772
137304
134389
91792
162380
171145
14637
165444
54560
87479
123092
128557
83539
130559
170430
75348
168081
30330
40576
25481
159707
144596
48529
32962
67530
43848
142206
157799
140561
4968
29787
131193
26285
32502
54199
155745
110803
162072
112511
128025
42215
81803
74855
173505
125199
50201
138667
126796
127545
26105
136078
86073
14823
151648
55964
127202
7123
64259
129736
91068
115914
46768
168709
140657
26197
85925
12408
48185
140061
15621
18852
99821
49179
42386
76606
88697
93108
100964
2541
44834
148330
95234
96071
1874
164192
98703
81394
24270
40023
149971
156027
13725
172418
72208
163907
91259
51703
88192
104491
147790
65452
67187
102745
21392
121561
48272
70014
128822
66015
43617
21882
162612
31709
154398
29929
18106
87746
4452
53515
147163
55797
141266
120694
151616
74663
85037
30398
55099
92315
143254
71743
93333
30305
110101
89421
63481
87840
34374
170771
130121
366
91381
169296
72790
97842
20590
1515
172211
64747
152521
75824
157739
106727
100433
57612
56430
121673
12718
77273
85548
89330
125519
121329
94566
92959
66841
29215
4576
90352
22034
162589
10095
154728
166533
119055
25101
127328
131543
122256
141925
32153
37380
111132
167715
126433
91206
58195
87699
13423
40924
22492
64338
107393
39232
28483
87258
17263
33130
140696
69298
144917
70922
157415
154710
28493
152180
36408
120103
125449
10059
118357
103446
85060
126745
73495
162431
110226
128909
83258
156565
55766
140030
143870
161006
163638
75827
164074
33896
20599
117299
167946
3875
12889
4964
146636
37289
144049
132145
84607
85722
55376
81293
43560
138244
99332
133605
18972
160265
58471
21195
48225
74726
38309
57809
60639
14673
43084
97487
85253
46758
136410
4393
68490
144103
99523
114263
161127
108702
63288
41579
95562
142975
147228
128664
157801
70161
44276
110683
60774
33427
73484
152160
33049
106110
17711
45952
167796
72618
33687
151458
72729
120291
46083
107341
12966
136205
152683
106016
43999
127826
163386
106603
57009
76735
146932
63752
138634
53945
10021
113028
49748
114918
118803
74732
78372
99660
19468
55573
130070
1533
148352
46628
27640
131294
37230
37079
47395
897
40314
143716
87253
68576
93039
170045
19281
7521
105898
74665
85452
123174
25865
35269
40650
156965
144619
117701
44292
71592
85285
131169
62371
97466
17033
90062
87214
109603
53551
43388
76181
96480
84131
122650
93363
100124
8114
78151
85792
58914
101158
49610
954
119019
6605
135505
161664
166860
4869
168524
128243
58608
35502
158386
35096
95291
122428
89678
129362
121063
104137
146494
117633
87709
141551
157213
27969
46898
139791
133443
61493
113694
10931
44088
26548
29403
111023
157841
21740
124831
21255
121612
63761
96558
58515
48741
13039
5821
139482
55196
167001
157913
75020
143891
91123
81150
137866
117534
27490
131417
28927
149199
12251
119894
167245
28330
165488
36860
59890
14008
30328
26339
167628
144113
40598
135204
91030
93367
37671
31210
114202
53541
148192
104322
15809
38345
115059
108948
133787
44534
92137
161969
111732
144324
4783
77304
19504
137093
66403
23853
181
86905
155442
157948
4419
108656
57509
45690
36840
112703
21789
133457
74925
150253
39646
22550
64959
85248
34094
169515
49023
90415
95000
110478
154136
157145
58243
174016
104827
128967
65230
113523
158983
7652
101542
11221
42419
159841
149579
136704
140972
164736
149732
100513
89737
129745
81605
26334
86598
65779
166205
74013
103998
137015
155055
21184
10051
104200
84755
72786
44403
63388
78623
75929
165082
78481
66905
11132
108614
137531
119009
126864
91688
92151
89771
111762
172120
37002
19348
48943
58121
114305
157908
56576
72032
35492
47579
108531
172663
9059
118115
58239
31521
938
124361
94812
113485
138460
167177
16295
419
115256
96858
16541
47124
59986
162091
10659
79425
28383
53941
71373
107631
150447
85223
114662
168786
126894
151233
55160
78033
55997
85824
8120
66735
12241
166076
105280
100995
132693
85064
34372
8820
147904
144548
80811
148727
18353
87867
35131
169883
31842
17541
62424
5887
142954
106500
59437
144551
134528
150119
22359
152316
107900
54076
157482
9311
79747
88450
153395
108265
168200
98368
137409
54296
125706
147819
92759
45857
92422
154412
114215
137483
95071
45931
121412
172411
78281
19193
78531
135409
117833
142445
59816
105682
130561
174413
66190
42509
110061
95455
24888
160659
153996
109661
80514
166665
95248
108024
126223
75051
10357
70388
129702
111791
87591
108777
72246
5448
94026
91589
104712
8133
77532
81284
25015
100594
121327
96964
48872
70206
161380
55887
19240
102268
136934
16326
149052
44256
43074
74976
42754
130205
125593
137037
50332
142035
32385
62485
68792
172460
153650
54884
131892
44169
118093
63923
21775
55449
107565
892
128829
145454
116855
30610
7202
90844
170224
21187
145993
157643
5249
132794
9767
17844
47878
12230
79912
142002
131461
139569
110832
45282
105313
21818
124861
74138
127762
27578
152199
24954
18164
85613
35455
159673
30132
149653
168507
129971
79288
52339
93534
35494
54951
64261
95858
2445
20333
65954
90203
22984
107071
42918
156093
163440
69134
6220
170729
2754
43465
55144
89960
125487
123560
99565
4901
53674
161809
149239
171692
128895
40527
55485
25616
122775
83601
131203
78936
45299
83533
173241
99082
76584
139831
30897
68429
164640
97034
14072
121332
88678
54885
21821
5895
161753
130793
32395
58302
130641
72765
141758
158723
1660
16442
134831
173067
121248
109205
123679
121767
8224
10791
43153
162964
108029
23387
83161
125096
42481
141084
51258
137541
20137
170058
92496
24089
157722
46605
32350
140284
83404
135608
11051
119772
25836
93748
155517
142521
90773
48109
165853
99994
63784
39286
8232
134999
173806
45933
35302
12320
153614
135687
133333
104683
137749
41442
143436
75152
125953
149688
70272
49503
115775
158759
46814
129133
117505
118479
123485
65315
165873
152838
141673
134722
62577
61190
105127
122481
62090
106036
166318
95889
131059
23430
63915
127340
19307
9166
41987
126564
75618
170794
118270
20575
66451
108123
136684
53052
83929
166747
141529
149824
56126
93370
62257
144080
88431
34441
72139
144311
143247
157644
147300
84899
156257
162391
38973
155889
106712
158905
125146
43651
47758
114711
29988
164580
128088
94539
59792
123124
146582
39345
22312
1283
95554
133568
125847
55041
159392
75959
125382
74673
22902
74019
28470
56628
127500
173293
19630
86803
146198
3878
111986
126281
80182
171178
130916
74850
106774
27563
88345
174039
132763
64971
121351
12030
12546
161401
30362
6430
36871
95603
73865
36431
2988
140827
83509
122577
62185
24410
90121
40334
130840
73392
32560
147061
97642
66279
169257
87572
149751
53477
8370
33106
95748
81901
115673
148369
63984
72284
71705
37964
148994
158718
5154
124673
127117
137875
47940
35810
138119
110955
92862
6212
64180
14683
38567
70986
59733
169297
147841
65773
39748
152635
98735
169946
165504
84668
146833
22147
139422
4749
10588
143693
112279
54078
44612
164703
108043
88055
88968
22073
35077
132178
141637
4473
101831
104603
94653
53554
27908
13439
13177
20350
114221
47460
9220
45759
48928
140412
100308
84652
63884
84104
57368
9429
49042
67411
7842
154404
146312
83518
85073
166438
6572
34976
120099
103643
96001
96410
115282
160153
48245
82528
64270
65393
153545
31735
27871
20781
17474
82066
128004
11543
37351
100461
33160
9172
70461
494
91419
129447
135526
113139
62177
168034
126762
38608
58423
95347
167409
69936
75044
85995
54949
149512
4988
22728
160677
145561
28854
59698
123530
159370
71426
81546
115750
128792
31733
33964
2789
91341
35184
167673
93815
143974
33154
93376
105717
77695
127739
28859
26872
2291
131218
105048
130913
56161
174359
107692
158516
116852
102623
170576
118621
168854
100810
18276
82626
59591
78782
492
108113
148898
103936
118815
148645
154151
146261
145345
76274
50007
38432
110274
129570
24350
72369
66766
136423
170418
159179
125274
44953
124914
116938
164599
27154
90109
57623
25573
136650
75331
35930
130058
142709
87838
14519
112787
4871
163198
72392
16079
141354
77467
170397
85092
102939
63710
86244
98796
118684
59
2764
83139
139964
138621
30816
36785
33626
36933
155824
126113
44094
80584
11540
101086
168594
127859
161749
83394
115634
19627
94969
116129
160535
118900
133000
170536
55531
169825
85553
34404
156653
79353
57399
38140
39310
10772
44800
35165
33634
53240
68606
154648
16567
112751
108209
170441
44671
165967
109287
37376
106819
74948
6607
21525
84266
35055
143501
131093
7950
8603
89308
36947
10991
92556
72840
102251
113206
127647
60982
12024
113408
44134
62014
54321
95503
161222
114375
73757
101356
126235
125448
100269
7760
61305
129586
102809
8786
50414
53753
149258
64972
55151
57194
152753
132760
18705
33242
48491
141788
152435
98810
137845
18698
144858
19189
110138
163556
171041
52933
87823
119935
3910
23408
54154
133319
1787
139992
134859
53109
109289
66924
127347
43780
142134
146726
17616
61084
119782
91413
2931
118309
102548
115458
73838
156362
47529
73764
98836
87559
113532
26198
147888
118817
67859
105458
110352
43434
13842
34853
82826
109760
83681
55015
90818
8239
107274
74941
55164
48410
35288
124569
108051
82269
147628
121288
141746
70816
14556
93821
100053
37124
120832
142864
17821
168383
109242
152611
109921
99373
127351
56853
113877
29137
89682
62851
164499
81728
125723
166844
33973
14755
1961
64517
20871
63792
112168
38617
133637
37270
108536
11255
78012
100815
27217
118016
64648
21604
90148
7476
16088
116016
152933
136382
129746
45883
62960
1698
78530
10650
131744
14058
161822
95327
107114
165162
151286
137122
111959
136642
90125
93246
44397
129288
145296
154976
1919
64774
141872
53308
66021
120836
157548
166159
150691
42071
28990
120079
22465
88748
8764
53490
106227
92510
131530
111024
43601
67406
160158
143902
41376
54489
126041
173762
150155
148932
116425
14112
161358
164033
141410
103803
15528
23156
60873
169672
161716
12846
134351
4104
119472
150334
113046
142014
126679
124202
20529
10920
163632
161718
21657
161347
73166
10211
144981
124475
139068
163564
34928
150460
135445
31710
78689
47777
117868
1649
173049
116026
164593
127756
104492
105256
46836
8984
9219
165907
21334
36667
152274
130382
128267
20946
97306
125070
15292
110219
86786
91184
6820
171361
134860
78090
88150
33663
44192
107058
58388
92450
82961
136816
12104
78420
26214
11944
61445
144426
87531
137054
68354
161730
44808
116496
151855
94517
138468
109316
126849
124926
114309
170505
109477
127522
134544
30693
83456
170676
127976
156075
41934
33083
58169
167089
108810
99531
113787
101033
56066
47722
51983
120248
56898
149269
87120
75521
88676
66361
149835
22532
128048
40754
99903
9281
115887
50948
134012
15448
87454
67223
84719
43410
114606
26149
115811
36253
46563
2788
46480
152054
159635
167735
50416
107420
139157
149074
32613
57527
130206
128212
50161
95810
71951
942
99849
124037
74914
59352
137558
137397
7215
58688
115180
142265
123660
119723
123920
74404
13947
80088
99611
91121
17626
20455
84080
138518
136994
45146
156858
141416
107544
134006
27390
48449
102237
140592
48417
108334
169849
5487
104280
163062
9372
154794
155400
149034
56925
1917
1806
440
143049
104289
151986
57576
84017
39354
114565
122974
50535
58999
38321
152464
77162
101721
10167
48565
138731
131153
164909
83827
32194
97323
109927
66560
19950
17511
118812
49833
119082
46066
166348
99989
41734
80121
173829
12954
157523
129072
65505
108845
23242
141417
49589
5039
153895
126453
68923
129793
154711
119621
23601
19767
70852
62091
90172
11291
21523
49452
154750
23848
60840
145492
87050
113594
129941
120894
67843
142368
95433
55542
22818
67737
77600
159958
123648
147129
97492
68979
79407
91061
78256
78507
36808
121780
155970
130355
150465
134286
134738
124171
20150
128502
61454
147893
122093
22978
97263
1577
75529
81969
114473
145004
137958
94497
157916
36646
81754
150251
90655
37697
24795
113905
35820
862
11198
164170
55529
133595
75781
172661
86045
143941
25132
101119
57946
35353
95335
144074
80172
48354
6576
82992
120175
159326
141260
81222
51860
107753
117041
159951
10195
64235
1952
62354
79529
1307
38347
162551
122787
40184
39636
97631
148358
18465
163973
75261
159366
65267
171559
35854
11033
126478
99867
98570
30648
86410
131182
37605
2843
10203
63237
146813
148231
21858
20371
59903
29571
52852
91473
164018
102904
142448
146689
99965
6944
10056
159312
168316
138751
17824
159274
27798
104899
2738
12326
55746
79721
119586
128947
168109
19944
40543
164190
53671
148776
156572
160062
147745
128202
63651
108578
76218
95470
164307
16051
10241
104052
157744
47265
101351
7494
132652
66657
11284
116734
83821
82198
58415
96923
126280
24406
152457
33879
145068
488
136873
60288
132437
38282
7401
52446
69819
80973
171019
57542
34256
57535
139404
158230
74269
22225
20868
134424
112189
119974
173059
128507
5123
12472
63239
29771
149763
20476
99837
144529
155980
4178
99585
22004
118698
108991
134737
88795
71473
127599
1095
145744
31155
81811
48775
45395
43297
170661
72110
86157
20538
14495
104695
75638
37590
16433
138877
147527
33468
67628
90088
99374
113886
90150
23945
57248
170132
14812
76005
163516
143932
91814
172709
102146
106900
108385
111531
38177
31944
3971
76094
43469
65241
148983
121418
97686
44582
17530
81507
86151
134767
157654
50411
82557
126314
101037
43453
2180
54445
87959
146667
95540
38251
113563
119812
2425
74930
172951
46141
15231
103564
27569
51193
41239
100990
53684
40998
125632
113656
55619
55424
116122
26400
77706
33551
89260
111624
105068
78929
134964
155171
65564
127408
158941
95241
61766
110358
124639
83598
68056
22740
47694
16668
92041
57980
97185
32369
67189
103103
51679
12011
81046
121198
53948
30023
76911
170996
68167
142936
12890
43593
17853
53768
57307
106088
12714
14884
37309
50876
68757
21368
133627
12800
73644
61318
41647
53750
18635
72386
4443
152462
1925
61422
124954
127540
45082
128162
36108
89398
168824
147261
157594
7279
114755
86228
153963
37672
19044
148699
74985
226
97539
164556
170370
116780
155669
129090
83906
72189
133703
164786
33051
89331
151577
69849
37625
22155
81036
58500
120163
73367
106828
64055
149040
48327
138189
109372
123678
9984
91703
156761
158927
60742
40044
101680
97533
73076
135294
89559
84552
53527
93711
137909
31215
124738
29666
105067
10703
136495
61345
41629
119161
83110
90264
147491
170478
75639
10454
139914
77796
170249
169293
141676
149048
38084
48003
146288
161970
17359
22132
6564
109078
4725
128940
121456
112516
82805
8132
1173
69850
167470
59969
131750
98527
57563
3817
8573
95695
19124
152824
77077
11565
85952
7021
162259
5839
30512
40689
31514
128330
170999
59410
145016
32038
19041
154584
23323
170782
41613
127496
76068
42148
133545
39516
112005
8945
158708
169256
116926
113613
148832
9367
26327
80656
160860
795
14688
68459
28603
49045
1838
51363
135733
151000
72856
64663
70995
158651
99666
73121
96547
155200
173267
131706
97577
47479
80375
123383
33736
28472
6819
145596
53814
126586
103497
98105
15871
15564
31825
100563
23402
164158
87507
170751
111674
124970
18847
8331
43676
62839
129732
30709
638
95203
50315
19084
132659
8767
122981
101457
36653
155347
143087
33935
105486
160219
33452
69222
616
38335
88371
149919
15868
1050
121656
112700
29390
22123
170826
174275
148563
100445
73042
106473
64619
18502
126232
83415
158888
137148
78245
43739
102113
64349
99289
106022
19732
102088
113267
161438
41449
56457
137805
96262
110439
52742
133107
135921
8454
117421
142917
156211
126893
165830
168658
102082
115434
140126
27143
87307
1254
66818
120777
151969
143374
75606
30035
106485
91869
95170
20699
126420
57932
147221
166743
118229
120504
94751
66282
87889
27941
158729
26298
41730
118162
154336
161049
98408
18102
84507
89463
57171
131867
2658
167894
18761
168900
58712
106854
61065
47267
160164
144923
48912
1102
12215
115716
23033
124516
76808
98626
144239
169003
55065
148549
94012
12953
152591
3361
59261
46515
24300
50014
36071
28112
30489
79871
146413
21539
1145
39493
778
74680
51356
46219
130697
47720
99693
162235
39318
158782
44656
137173
1921
144442
156207
79108
102991
96729
85216
34617
31239
23496
174391
107941
85591
46008
58612
53279
12448
112524
67193
163124
112268
71569
144752
139209
137537
19457
142645
113767
172956
21521
47059
173554
121790
139758
120689
174227
45663
166337
139473
80101
49591
135284
6284
74245
25141
123517
54346
125119
123442
33796
56274
86067
118295
141237
36320
158620
143481
135569
135986
146437
14635
34254
37151
68582
76316
120852
32232
16899
10647
107668
24468
167623
48832
52475
167719
36440
112825
13374
89014
63050
10146
117124
41543
85098
115771
72478
138144
173061
147569
130527
97344
56515
68047
160277
86446
53440
130926
110339
130354
28319
86817
70633
66502
91777
168962
116290
71929
8007
153514
113535
2458
16501
167227
6307
10080
38637
118938
88342
22734
149184
136526
105538
20380
32531
45534
80079
125520
111427
149381
53414
78845
3240
173625
167789
69897
80315
121193
49003
28626
130524
80384
6225
151615
4258
38923
129876
67077
29713
51021
101402
125688
81683
74284
135563
26354
8691
133408
4388
145909
98848
69890
125661
61427
122520
42687
74465
32346
114978
97644
88584
44445
97121
99027
170520
167671
92186
54842
27434
148650
114839
158409
49757
138832
77623
165612
79426
135371
170264
143495
13437
6242
130149
120237
32811
28703
157810
150905
152594
12182
44299
148021
90625
117382
62951
69565
36962
110316
83274
106444
125994
155881
167489
172763
58943
52160
55395
171546
5160
90335
92259
138758
52659
142842
29406
53870
33101
173231
33376
15797
97205
118285
168699
32233
128455
12898
160074
110388
151345
52826
38798
83176
3465
121071
44281
6394
89316
108725
4721
54358
167161
31183
172557
129659
121204
67693
28627
155475
136625
4497
160429
50562
27653
98859
160382
173896
136765
111899
72844
7297
117857
55129
155879
61534
108063
38571
164076
85326
122535
124625
307
74972
169411
14921
3173
91201
121803
163882
56403
142239
49584
173601
76000
42653
144775
53479
151670
129333
101195
164839
72077
51012
146933
168791
33435
22066
100343
8482
154112
132909
108434
77225
85026
145685
70279
62561
22104
109543
84132
77255
87061
154091
27187
127959
45758
142018
132147
153894
85939
76081
111262
107075
66020
33461
103716
1274
171256
12784
126665
39296
13402
107578
127592
83206
172550
111928
5602
12346
143422
89439
154241
140731
75408
172252
129675
29023
124827
136151
41059
170281
33120
90135
117263
131255
41089
109335
46193
158924
130048
155403
107713
121482
48437
80700
159875
56760
34124
111901
8685
169287
30856
13868
44610
72529
140289
145958
69921
16890
116596
81204
20935
36200
135285
126909
98205
83090
141193
63322
95399
15994
51351
120523
110240
116337
11630
142689
96482
123916
106101
51698
26594
114286
40797
50755
125617
147562
15858
168660
67344
36055
15298
169675
140376
50144
75470
164441
166123
21770
32357
120350
6943
68843
165535
66290
118743
14526
124947
150890
22222
149210
95520
98320
153730
155387
37894
64302
131474
32021
68209
124882
121798
148374
105401
135296
12109
119405
40214
43397
157356
86852
10599
78137
89436
152790
165175
58202
31019
138644
92509
19360
103884
92747
17172
44546
81591
99922
93146
103246
2927
126555
34839
129103
75597
165521
59709
135095
89542
113670
68061
116149
16832
65646
99662
150001
160832
164365
164859
152619
165626
140099
78056
19150
20233
43700
78871
145716
20543
105153
124807
54711
23668
45925
142271
113119
147161
126826
84590
166725
156028
23239
158830
117302
88307
126424
75085
18335
141818
107865
152703
63316
157065
107679
66705
88263
55433
103783
42982
6413
116720
71760
88947
9393
132493
76866
135564
116515
104037
114237
155628
69547
170982
44536
22039
88317
17072
157179
62895
115167
22579
10517
69767
721
163219
102661
68846
125387
12389
61135
21652
158529
113746
115543
86903
122686
25154
36747
104838
98561
15233
30763
8157
37211
52296
47676
82682
66472
77896
108905
115196
45313
13041
171349
77563
94693
37233
56910
133094
77577
107903
28612
171095
44928
77117
127753
101960
13077
66114
39139
10837
119003
54085
128937
78006
86288
170379
128382
91612
99265
5621
162482
152984
11542
81237
68525
123132
97190
50600
114917
22610
16845
123620
118056
14759
13948
50184
22250
111480
138012
20416
12354
152361
28457
164059
112411
60804
72950
133140
69273
65645
125021
99219
41166
116930
110536
31447
78700
169198
27459
5596
67082
22788
171899
87643
118961
9188
125302
139845
123364
81115
111970
17512
18349
62809
94239
8330
76793
71106
143363
41648
21150
26459
148093
124216
46463
51807
65487
48422
13451
47655
101063
140985
72902
21277
8776
57031
169637
85400
123615
25351
107593
147341
127728
108568
79949
90248
120211
2177
4478
113342
32722
28777
95447
75073
168747
5157
113245
21096
55402
68830
121292
18358
115847
141304
103580
98479
101819
55725
153935
99999
55848
40894
26535
90052
66968
1994
41664
165072
65740
121119
157828
112142
65445
33250
135815
136535
28841
165837
74970
129507
60301
95899
100914
114478
11419
53410
66542
83963
119497
110997
14598
86820
958
58238
125366
19452
54002
43967
34585
29909
39582
88640
163417
126996
111614
108181
56580
9875
66047
113305
85771
14150
162212
136724
44239
128189
87467
139147
166157
142741
498
73652
54089
101755
158577
128242
136116
104964
65864
72144
74315
116114
97146
46085
14856
58812
150544
82197
91021
124303
42774
156369
87261
109401
65201
172321
162639
42250
141950
174188
123629
13864
134873
155021
127205
37390
128310
37591
64170
63944
19068
84288
6488
90718
41972
106125
52420
136403
13118
21690
125145
19378
155123
100149
79572
124935
150497
32791
43836
118918
90046
17247
10763
142365
78207
94868
142831
134775
162313
104939
171516
1711
55011
171272
89758
44700
96726
118123
141927
140965
130725
31061
162788
17288
151709
33000
1622
15860
89702
173757
55901
148091
141656
163721
165242
79899
171611
76987
26219
126917
85318
49744
100729
141409
160048
16191
12245
64858
15531
50930
45665
51185
158419
44222
123089
95294
77571
108325
63087
17638
12150
153250
9703
139540
138947
16190
145033
79379
171070
122948
151225
38196
152163
69889
125999
85159
120926
137315
69731
123112
153466
11097
159556
160532
15857
34501
111014
173994
165547
143086
66476
43770
17659
97633
156707
169679
122761
22383
48486
92804
47344
128043
123813
115212
22594
136378
162068
154375
89226
123789
101274
90863
32376
134267
112924
102024
57457
19564
45600
91110
94284
139103
93594
135987
147681
130196
159095
98993
27856
153124
43087
129864
138010
54103
136905
63617
164712
100526
142886
75800
108019
81368
101747
120925
91547
71680
94345
167635
145781
61257
157325
89080
113573
91753
75808
38081
22669
72933
56148
40377
36352
134854
43788
73707
89527
72394
28237
165536
124239
2171
63986
11963
109328
100443
151204
117362
155954
63140
22196
17183
171269
165257
57001
1650
17328
107140
149142
143046
128998
109092
43374
130360
44384
116595
65334
76904
110583
73998
165557
114900
168827
96397
152764
167678
38811
134464
17431
45198
31148
134314
118484
135636
108233
129324
130755
1456
44122
98342
36804
157164
108733
172717
70974
136979
159652
36758
38352
61785
18191
51607
172083
113004
158972
124134
140123
161703
4208
165003
14406
23724
140524
63065
65976
48320
132920
112250
142993
13319
34989
153317
85131
145437
172917
117637
86557
71630
123793
111172
169728
35375
112201
97230
62908
75336
22122
6862
104429
50560
84843
58072
93033
26227
84970
149788
135402
57812
20666
76395
168796
9541
47618
44001
71323
165262
87364
93988
89600
155443
56395
54668
107257
40078
115053
108601
76535
161081
69606
22081
127145
81014
45193
28166
86621
26068
125277
147414
41558
137872
156446
47359
166132
107956
127296
60694
58256
17225
77283
135543
79415
80675
161605
171828
104690
88343
158655
49626
48087
143415
162536
27848
109086
167256
133402
67574
139234
121399
163211
170440
7723
34767
150773
55568
66708
166472
117485
128309
77549
16848
85443
50648
15163
152061
50344
132175
78996
61294
153478
1944
145219
106879
170059
71586
54398
36401
69164
45181
76969
35900
46313
48614
54063
76018
70873
92468
13896
46439
145910
163965
47644
4365
115883
139297
18856
4538
88710
17114
51039
142225
57734
156748
106329
51862
153215
37391
60015
13379
158720
17502
143823
94383
28447
119743
164848
27753
55066
111182
153148
38273
3702
115101
7655
143928
119266
38128
84922
32024
151072
22654
29094
122381
85428
167375
129859
140257
79130
131097
25285
166143
120332
78643
3799
100225
92683
135410
147220
14034
27303
4354
119493
110196
163134
42114
34086
59326
85495
111936
12177
172501
136135
156550
158682
55350
10157
62125
157859
167372
71005
126610
114019
120816
38180
120712
70793
98909
34800
89418
173580
128719
113391
154877
126776
86194
170722
6478
46301
164989
140855
169940
18317
54136
172904
29411
27403
101719
123936
73006
152638
78572
106282
131839
130460
64957
163718
132777
136936
145374
49857
141682
4535
5792
147695
161104
100444
9028
118589
99959
44008
42757
116394
229
114021
102419
93478
89267
67881
72223
76507
92486
42466
95664
114600
57568
96360
135503
20836
167978
17860
14745
113570
140210
8102
171412
29757
120121
153770
83466
155079
138576
23519
122607
100630
43578
56789
121528
53839
154925
143037
102935
174255
145947
97852
155514
124884
91850
107556
113021
114734
10607
80147
15181
132762
130551
123150
97732
42203
167244
170374
81031
153037
39380
145167
6244
47365
156588
106768
101972
89984
94434
160509
3896
33458
126178
53758
18258
69674
18583
6305
41456
69558
143592
10825
232
43016
37703
67463
117316
64184
166808
61532
15928
146900
116358
5536
97118
34103
168118
49820
141697
61466
37500
140591
101111
167693
136018
60151
41638
151529
27945
174301
22419
100384
47016
59088
81595
29698
104120
2027
84807
165204
122656
16137
158627
105423
137355
172646
98648
32704
70285
70139
66059
134824
24065
74899
27086
33524
13600
147141
82427
23960
111393
174310
53901
16710
107785
46036
72538
79272
99566
32393
150603
109067
56543
149310
136425
146006
79853
88987
88841
72182
603
3207
65323
129425
24598
73040
92848
134358
67920
120000
72459
153247
63250
58996
159750
91873
81876
9575
153120
34440
108887
3085
108111
80659
58149
108126
124393
17373
42147
9705
87866
171596
38161
27961
148554
137053
137574
37833
10911
47169
52140
26266
103133
99551
173852
72646
29597
52300
59366
124520
59508
156738
107074
85793
136287
53797
69262
19278
7226
1466
114354
137724
75895
35203
7142
166610
157537
61937
132609
62062
6012
171442
72210
29589
74247
106552
48729
82567
74464
62410
51380
153896
124500
12516
169901
56662
151872
87814
105549
105225
159218
54617
67398
12754
125517
57511
154066
21148
133289
133026
157704
66204
98206
58364
12843
59780
103529
99043
101886
17550
34814
112334
89927
160266
50593
8060
48180
25783
18021
172156
121908
60287
115754
165037
51267
17662
6644
167138
17719
100342
152370
42708
96312
128513
72512
103310
53007
86448
92755
15686
25131
130940
19884
125453
121863
44009
28089
9725
40008
12518
124672
116210
129017
44140
109302
32050
167578
155715
13946
49603
140691
169093
37870
18419
91976
118280
67579
1796
162171
170038
23184
124466
45087
7872
46086
13447
22368
173589
114976
78761
128459
5107
157736
52459
109570
47862
80295
65164
159599
20107
91619
80504
18934
133604
93025
149509
82587
12475
123501
1824
169701
123474
142140
72107
78374
164096
968
131486
32717
45872
121397
61949
146663
24523
18802
90846
158335
78522
122785
61623
77246
122901
14157
86347
105290
66191
17309
77977
43098
127950
89198
78471
42839
145722
135517
1699
92013
89613
1376
28241
44787
31593
93378
19598
45586
152144
168870
105660
119900
144062
79192
21781
31346
99340
25523
88688
158947
2818
58455
109727
102077
120763
132744
174274
127473
24485
13516
51506
63143
77964
19887
163050
173144
132830
141596
148508
23148
140247
29437
164118
167007
136887
171794
114214
41656
62407
152719
40048
52138
107876
110846
29198
72491
105307
87265
96599
36789
82655
83875
75217
165523
73970
85692
157378
98166
78731
90395
152787
61090
128198
168838
79728
39243
168857
148462
36885
110428
45709
35860
93085
57402
76106
54561
161336
22201
45906
110263
14351
149531
110394
64216
115443
100255
141757
73843
150783
145351
35358
94210
117348
115534
101346
84517
164852
73807
112037
132656
6529
74570
10174
70342
16305
162416
36748
136562
58269
30319
133074
115801
18832
102651
4809
13573
97756
63806
103946
167765
125275
6706
34633
37359
63395
35942
19700
71404
75971
158958
68442
145217
150193
166170
101435
92039
124184
162491
150401
8180
97943
20149
84082
160388
167878
140050
38212
20738
54134
80171
25114
38220
35199
64827
129583
118370
110349
69934
155643
29321
94031
155231
143424
136065
134770
86865
54759
64621
19427
76837
63172
98142
169996
71550
126819
104907
84002
142705
3937
61041
133209
33211
97977
150054
67988
34740
47687
128855
77426
75500
26614
31101
46961
164778
161482
1422
152040
94863
38027
6588
128805
83591
67852
17173
65163
4608
172338
114889
78981
85274
113542
133123
74040
92656
63943
137584
145002
67374
60223
100441
5929
172585
35069
136938
160325
140499
100637
136587
153484
42351
83728
90500
55014
153214
729
119494
173545
158018
16420
162971
17452
16489
159510
91891
111416
43288
64352
148001
65283
95298
94292
61550
90590
116656
6362
151530
96470
59013
65427
139448
158352
105410
169842
160791
127068
58253
169833
167264
11267
79509
85790
172368
146171
112809
63476
72240
141990
71037
147684
50702
162550
147842
106166
50506
84621
112908
167273
27142
130731
150641
38576
66156
72198
109184
160698
162527
81745
158977
87655
86709
121928
13822
111012
11633
133337
162468
163714
110134
48182
59395
150582
46749
41104
162108
104323
133283
111213
77827
26000
11326
160552
34850
9533
10455
59104
31513
62658
75550
39891
38324
39880
148006
143960
79795
80800
155408
16751
172254
39193
58054
126255
153665
115062
101162
39476
121882
130410
151688
113765
69118
61889
97866
149337
148748
129282
15587
20274
173199
137189
143790
46530
102236
8801
86405
166377
77330
141869
107830
145450
6076
3028
878
95870
148707
1789
17898
19018
19551
112326
168164
100909
47838
43262
162807
153651
105205
37786
148104
20988
144085
46040
164045
60581
41626
73394
99378
45160
51058
170199
153338
55408
106961
125993
133552
68337
55765
92620
22633
69690
22605
75112
600
99345
148136
160772
15679
128354
125042
1977
135419
36659
81725
56629
28976
144326
91474
70740
58849
155474
69651
51369
69282
41795
34371
101673
146444
95488
10028
134331
65444
25903
10925
37496
1002
8979
78906
93381
98878
163049
111690
46005
100799
55201
52068
108772
68773
93153
148939
122431
145137
149448
96590
128039
161187
32328
78194
156697
90740
31256
6754
21612
110767
19184
93257
140543
54221
168966
28091
148739
59836
90208
37091
116652
172280
40770
138901
172049
7885
124391
118967
61298
69113
70232
114815
20104
119020
124009
133784
1104
8035
120185
116371
95682
162261
65291
67064
1763
90496
4166
7048
52987
19300
49055
54650
19321
115134
137144
15362
73712
119330
26363
100360
112134
143535
147617
107286
120762
86211
54846
33761
119388
48365
69588
106514
45876
16608
172183
60386
121594
159228
170185
161054
783
56203
36818
123305
105796
3746
70018
112302
116989
39763
428
510
133714
9692
155684
142540
70785
105467
104254
172895
100678
61176
105879
13376
4526
7118
8106
2648
96045
36159
128731
40826
127113
69734
8631
52980
18792
69081
54151
105286
19046
4297
155160
77088
107963
19095
76763
140130
49929
142583
98293
72277
171371
85651
79626
165123
31301
80430
44244
112395
90917
107918
112444
102544
164372
117368
71611
45983
4953
42697
174158
42100
111299
103583
49072
75177
153110
167076
30954
112518
149656
148583
99765
172745
76264
83531
125057
77891
30232
137624
4672
157678
40337
142117
139602
99818
150543
45812
60285
66161
56916
100235
143000
113754
140472
38614
163242
12427
1164
154301
165783
89780
60800
67428
32146
82062
4635
174351
147585
27018
59363
131123
72445
95807
106297
144323
109321
9747
173028
38362
125438
81253
51189
14323
55149
143838
63716
151506
36559
139230
154270
116398
63480
134950
6770
13248
136276
121856
139335
85472
634
121136
68103
91935
38275
122891
65194
46366
44078
119264
100877
45329
169016
28069
117971
163380
156522
85114
167674
10182
107665
57367
112204
155566
80828
160412
64867
167357
157879
91789
94091
32121
9681
136620
58952
114581
165770
20646
97011
67669
56876
73506
88359
33895
25487
22877
140698
76253
127390
141776
16542
135485
87463
94680
94056
45647
36952
65964
63815
87226
9825
7706
65137
82367
46783
11853
97695
57814
6329
149140
116419
10244
36855
148786
134052
22565
137981
35992
146621
172947
142275
70687
22468
68286
152786
141478
66536
26556
163792
147899
136649
150879
160190
146003
71773
125061
10953
95535
116672
22501
121524
85542
133243
170287
163949
145141
140218
34360
172933
168278
94757
135059
108838
22735
11222
25850
167132
30888
29644
58723
140177
130263
100658
140952
87835
134534
114068
73353
97471
20106
83266
159859
155783
84515
59309
5578
93433
64208
68776
99649
127124
154071
127529
47507
74877
25334
54069
68461
126580
44309
145114
116477
118013
116426
90742
30016
172228
51032
28006
14183
31483
3527
79868
107282
37577
11052
120608
88321
155782
136393
45256
45944
150863
57466
156431
124708
121094
78261
14358
132898
42149
150590
117438
127947
66032
22017
44170
29367
129875
138102
96163
55732
34199
57930
18322
123431
2422
122076
104511
43346
51700
120661
90925
106780
164254
44657
42715
23975
613
150098
91412
142348
47304
14667
133874
173388
58969
172297
32809
91597
93658
44174
143096
67560
163646
64148
19647
89471
144975
1090
112386
46243
74148
29105
6051
37816
5284
138309
84787
32170
43340
19285
115155
43885
145586
49714
123800
31874
99850
27214
25541
128225
123547
60461
74380
15022
47959
35286
92563
74721
54852
46247
150735
95944
56473
105360
166598
13623
112931
131212
72982
22404
163531
95800
112506
49959
104524
27669
127325
86972
127793
134610
144893
124318
162818
165497
106831
19212
29134
16230
8373
172866
14966
95373
2947
32771
83903
69736
135060
104802
39284
116034
141335
19001
64330
153189
21504
155909
19367
129444
111699
89725
96070
162032
3263
120933
141931
66574
55971
130193
173606
17786
139369
34618
82759
45892
99364
155310
174382
27383
123217
153241
91793
101704
35098
103738
12421
172212
21842
155264
62082
62540
31696
8391
55188
121478
165590
140172
39214
151875
104189
42007
120276
169423
139192
34694
6649
4709
139088
60933
5587
80954
14276
131397
80294
120362
86506
117608
146956
151894
128815
114360
93715
45079
1569
84416
172785
88564
156425
165209
11404
169618
94465
93727
114571
106700
22525
120829
51264
38038
45113
163350
31568
154122
133322
70175
98729
120157
99060
4503
71047
77081
101129
19065
24865
76773
13677
141024
77713
84095
75439
9839
69387
28429
51253
25031
131916
112337
89614
102364
170474
117749
52911
13035
92964
95501
171985
108563
151664
144344
93569
51624
54648
6866
14217
142283
82428
5073
167840
168250
53387
159253
155351
74962
14902
43884
153623
68653
163392
100115
6312
112468
102989
72059
41728
173649
30775
60785
123509
58622
57464
35154
118176
114131
121312
32827
173540
91034
139061
161096
137998
144974
30636
145601
163559
75986
150640
64577
148124
144655
74959
116228
131504
18687
8405
117110
90930
26280
124533
145081
14940
30170
170631
150086
58838
111520
128392
116918
147008
26145
103532
87573
47819
2628
117246
116587
103875
76112
138652
141714
79070
41593
159766
91188
162124
42625
57337
17539
160224
70291
41754
162426
142663
161829
49417
162435
67977
42221
27448
49076
108896
134248
169064
28042
54927
161956
128426
146313
37820
130009
43941
39470
122887
143965
69702
134146
82811
130605
74754
26628
79633
16932
138402
158583
51971
51732
113980
91039
146363
153316
91127
76182
145731
16120
148958
11070
35314
17018
1745
102409
168219
117158
62176
132035
57100
77277
15396
82004
116880
57750
119903
89423
105194
23937
87822
126640
142241
24498
81406
117720
105644
30264
69543
105185
32524
27748
197
164006
49588
8661
93967
20307
115061
155913
169671
43643
127952
52893
55620
166390
134709
127904
90013
140755
23916
78083
169997
57112
142370
166667
171866
157161
53375
123562
140513
148394
170680
44781
142562
17747
35237
121866
85713
58780
98754
28020
20566
128889
120628
87928
70889
17804
123192
30390
162329
62660
80111
143615
104870
58406
28234
58026
76835
29046
91588
62948
14947
114807
138767
142960
17480
43665
167799
163702
36238
139589
108134
151217
105255
162354
44271
101601
122125
114423
119938
163613
132754
71390
7176
25497
160337
153151
163192
136764
120667
114475
59849
18820
79534
169081
24316
160559
68749
67602
45412
151325
69503
52135
82266
152664
78200
159241
121849
138444
170283
98428
165191
32513
85304
104028
132633
69315
15383
165345
78688
117927
58357
527
114289
63599
93486
9414
14241
3693
17228
65959
107912
6069
24014
144755
44998
35976
99282
96328
30688
83009
60425
166568
103747
67710
58480
127460
116246
135783
100162
26874
46509
107600
27836
37092
57567
100736
171990
123548
28083
94011
23169
86773
124118
58932
133082
52181
43588
108987
85881
45984
20165
110972
85868
123771
88442
135793
159327
138104
93525
93930
67651
39291
135890
74674
108294
152740
56510
112394
53181
17904
1887
70796
114008
154942
166291
157509
152983
82394
77224
63936
173281
1740
72834
21555
69519
41315
13729
19631
37128
144993
100868
124221
16526
16082
72596
94195
57428
167125
104418
56906
64745
120473
85172
89502
52961
79329
142401
159671
25685
41217
135588
76549
89103
103753
38852
92702
80349
103015
147567
69906
46169
118424
46087
171163
88518
101825
156564
2706
3265
4038
95867
118546
22347
26393
155083
30957
82546
136347
54521
159360
11803
93547
72807
159108
33920
152283
160464
143674
105303
141604
101050
133242
46624
48827
27678
149481
137239
61711
63066
15842
44407
40755
9939
85624
132637
13766
47605
37506
105243
145575
101236
127185
146126
162804
93912
138033
96304
131739
167937
78878
65703
82637
102358
85850
168676
140871
105257
158894
46025
157550
104635
127743
122861
166085
14944
9853
130864
51016
73386
158410
67477
11794
109494
65014
122640
133707
84733
46168
168873
165598
42405
159412
12446
95629
12906
2416
146031
13084
15459
164049
126797
111679
68330
17933
152815
33700
142699
72579
8456
131087
154154
94770
78162
160962
44227
106413
129756
174156
158003
118591
86195
67921
59403
74426
96619
107574
140098
168888
16628
149475
148404
69580
38662
80803
37651
96188
61815
169573
112287
156067
158510
105199
124449
7805
144070
132511
170452
112697
92884
76656
128631
144134
156814
28253
58189
116279
101526
142072
114707
114819
150268
31903
54328
25091
17703
101297
165838
61673
55340
107085
173120
56157
103231
81149
164663
91146
92918
116117
105912
131299
122503
98269
115487
31830
50596
86661
164214
144221
30961
173002
122294
102117
164702
54863
137790
61006
23738
22951
9400
12859
14545
77916
76399
137508
26841
30827
133084
96281
123440
68308
165594
144361
6113
128038
149739
56021
133083
12278
68961
76367
13308
62459
56854
18284
15782
504
147474
155930
159201
30252
37415
165117
82715
6919
41846
78938
20731
141202
133268
91819
134132
91175
134058
77910
32653
111259
51868
74602
12606
158342
66011
13268
91991
32060
135521
45013
14558
149221
169170
74330
74562
167415
3484
104133
133514
74200
139198
119658
57060
71465
116717
61275
35753
140933
39349
160869
79927
26163
24695
13912
49963
30492
90651
31299
123676
123290
45436
21078
8911
12842
44514
120995
73721
65296
159003
156120
160497
153762
13397
86417
97560
31487
94401
14259
6542
50631
50098
149831
130397
81778
54708
7953
158576
102427
144835
99817
137398
23797
132842
96835
54207
21421
108056
88610
19355
118121
27129
157197
119273
97065
102147
83813
2945
143467
104688
113779
146116
45178
84605
52771
49440
158070
10402
97318
121354
45218
134683
150487
162333
9107
142843
85625
54437
73718
111101
118772
99524
137799
6991
60395
64437
151512
78843
155169
67883
93450
59325
40651
129170
165949
171643
98379
42806
47029
106989
123638
56525
61152
7381
139743
16885
109300
10332
105570
4303
78427
56519
116183
125405
90913
132235
137162
2685
21733
58440
153755
4701
145812
97148
102638
15864
21503
129824
76609
43257
85998
1212
9142
61405
150145
165009
19332
138853
84323
2488
124342
170964
37042
105115
3508
15411
161329
155699
109402
46182
89488
65222
107759
71461
123483
71287
104675
45453
2399
9861
56917
48315
111003
167354
25228
35807
85930
26698
78640
115216
28708
96483
156820
41153
134812
147093
158912
104674
95441
129251
149102
37991
147804
114747
94667
115706
80900
125782
95252
137001
144255
173444
10651
135898
160068
66257
127404
99228
70669
136386
30089
107076
97543
21560
65578
19157
1939
171218
147603
4697
13523
118667
156986
51490
124145
90066
7311
29111
24881
92026
98138
143977
4406
80138
13452
172735
87477
22401
26562
56224
9301
31988
125321
68148
46283
76296
109786
10440
109303
18216
112275
102450
167790
140758
111890
149085
119914
166219
146184
77715
35612
44436
41566
69025
153132
116174
69268
148194
1003
128072
45110
116198
95760
127588
5308
65312
81100
81784
31615
106354
104058
20324
113367
169443
14617
124851
141016
149296
50216
129551
83624
79
150534
49031
49070
165302
136210
28987
165872
51532
132102
31738
77075
29391
65214
1769
21597
32434
104613
171059
59999
63798
55182
118187
151970
130718
8785
159970
122305
125298
115305
24899
44684
168512
99839
168923
147165
22450
90147
17628
149979
121336
118596
22420
73922
169588
75428
160492
99315
108508
172383
146203
166190
92371
92093
130402
18935
165113
63493
16488
6886
20635
35834
1617
171376
140535
25096
802
62507
121883
149302
70022
71062
36872
104724
113240
539
48204
91842
8061
73824
21024
164977
31497
91084
147959
45687
86213
1203
87900
55788
25124
37176
118117
6065
24272
38921
168752
41597
70536
60323
68262
46929
29932
160844
168930
157795
137839
105402
148353
109035
37958
107638
40083
83785
14118
146361
47806
2110
84741
24256
15849
42952
17792
24321
64428
75204
96742
88290
46813
26018
53962
142057
131236
3941
40900
49360
97893
32604
120615
93546
141725
136600
34865
108117
12006
72701
48377
68327
33201
9226
57869
170937
67908
112522
138552
151822
80156
34827
27068
160415
76279
110182
140182
827
20112
132930
3374
108748
19471
144233
85301
162850
133042
142968
37740
17962
88611
157812
43861
9061
103814
170378
133193
106401
169916
6639
9885
50845
109869
163866
163398
17197
83391
85745
145425
35628
170799
24037
51211
98114
73787
42177
148750
168124
108493
139031
83858
135008
32665
86294
99108
21529
45323
52681
162654
87583
72726
65565
161432
31409
137916
53437
83695
147766
80593
134988
10063
148893
29579
19612
157369
6115
98452
43020
38584
26387
1506
79674
16395
62422
87314
7776
49244
160292
88151
148218
46498
108180
160821
29908
124694
156558
151060
45312
168818
34561
137432
23597
47766
147189
72387
66352
59202
152039
77628
95887
153945
3324
166483
74140
82689
164651
163035
68534
64822
5002
3425
77656
103082
4733
87246
112183
144306
132520
17424
60267
38835
94765
130924
73902
113498
71396
88380
124396
89890
162238
73231
145277
17968
61859
144019
72080
6096
28009
112000
112300
143208
37961
4661
1414
77138
111804
77399
105580
14926
112126
84448
68845
73038
39254
170810
124996
70171
136295
145793
73000
26508
56187
58897
109308
137711
87106
19264
102663
33627
161204
25505
35518
57261
71537
139266
13649
111171
163911
27229
73435
12401
121218
2711
40423
71511
86155
105059
116996
12165
131930
1845
151895
162840
4557
157053
30947
53432
145465
92251
156467
137886
104243
11812
86660
108637
48231
8852
102288
111330
165179
144315
85396
73888
149403
132528
61957
2049
131057
25190
38097
9147
125014
36895
4553
28642
135314
69605
124841
126547
30814
169695
111566
128230
70156
46807
128553
64613
172268
160567
93924
106128
109732
9048
121900
87830
59321
137619
18331
146823
9101
47741
155574
90868
9858
146822
131031
131840
63932
74141
85729
108438
31338
125766
1609
94833
143890
84623
165380
63002
46921
1298
73279
79478
127953
158055
116824
36146
14626
31986
47621
57517
14031
109041
68622
43092
34080
2581
16576
144802
149213
167526
39878
156164
146859
148147
108731
72116
65547
110568
52794
133020
49919
133207
85087
100482
64762
39886
168148
97844
43143
111236
17888
140777
53888
29428
137914
101874
72977
38524
64928
146669
107193
135871
58585
162712
88303
87096
4896
109703
127289
116235
22904
73101
94137
93731
31998
128770
39132
82919
165060
61841
154464
89717
41687
119788
5018
72762
75424
112691
148403
79097
60381
99070
83312
137087
33231
109511
143459
61899
118245
8992
5550
24759
2203
16607
44652
59706
97797
63122
111738
64511
81290
27676
55338
79158
98734
116693
22913
167147
31355
113666
68402
7675
38024
84853
30834
91573
12273
68483
107464
32952
19336
17798
150471
22544
116677
74401
160640
996
153501
67684
134506
22352
6873
30771
69958
170064
143678
144268
68952
21250
101239
39772
65706
73256
174231
146266
101493
72882
140724
162632
47154
137816
123956
4990
110567
111148
154816
757
129802
62656
135973
22128
86914
89043
145964
13969
62737
74000
120507
139575
29060
133629
18080
61054
42247
14733
166899
9406
97679
27561
128674
56714
121028
159607
44156
174296
54394
47709
113959
145108
118757
142004
3967
86883
86429
89483
146124
34445
28868
112267
121601
75381
105336
91321
90708
119514
135428
26742
115665
140420
134718
33797
97650
37611
118329
57967
70010
125059
166936
146752
1373
120107
111389
110804
72285
35874
119373
20497
97450
157358