16896
125804
54252
64445
49837
21672
135203
88136
2509
103155
132951
34347
152318
74423
35139
105583
48330
16926
59291
130435
79495
3169
8467
41219
145258
170032
140584
96163
148490
51568
158872
82042
158059
109355
131728
32584
92692
27282
112212
50884
159837
12832
148661
168822
14008
168727
85127
70762
153668
99109
169037
152385
139254
51400
1361
15724
141182
23905
102952
33601
1984
102074
63047
154097
82869
34433
95697
125100
85859
68416
143888
8048
131948
4298
150952
49111
69567
165855
36978
75231
172788
3212
120929
36592
82060
160009
75839
86537
806
63485
96161
146737
46546
108210
80292
121675
13888
34636
91068
85597
59810
108182
91970
44102
141690
163179
59556
157995
125544
82655
86481
72244
158158
42926
150702
66405
67010
102620
171576
80668
144286
17878
1498
118090
35257
89914
137072
25368
38658
122383
133287
79330
154448
53115
57071
62252
56346
47863
115816
119086
38395
67446
53527
106222
155515
122668
148500
141907
100202
91497
135895
8660
172400
20970
160026
172393
104504
132697
26935
173260
78296
99029
114824
118863
35904
63965
109452
87964
17531
85802
153404
83293
39607
132483
47367
107217
12715
43207
127951
168885
99910
26574
52086
63859
98862
134112
134694
153840
7765
169160
94878
120209
46908
107200
25985
65831
119360
156724
20175
170736
105752
127501
51043
132398
24061
50973
79667
65591
163534
129233
142762
41115
125138
165671
26119
38982
161533
143568
84713
71048
74299
69776
38309
61721
11175
121892
77739
164952
27926
11107
157185
102433
27452
49921
145694
76927
123898
81175
114662
102311
146188
103994
145365
32342
138877
132390
34112
83467
23300
96522
72479
99947
98546
101275
74868
155162
135427
159124
6827
50518
84544
134134
23954
10458
76034
168818
14424
130231
155057
44050
20584
37556
104608
156141
54549
76312
115708
110288
16821
38574
31490
104497
30087
126919
158231
6368
157127
114208
16875
65438
25345
97727
42910
139355
57748
129050
44777
33751
24241
77404
54137
56751
6796
13761
109273
157181
140416
91620
127902
152579
123048
7718
153584
16143
139914
149634
12598
166991
102185
107764
71401
124378
93871
57856
131470
172629
12836
76061
30562
151187
126251
131122
81960
25319
121105
16664
33211
147845
78141
143049
76215
166930
107729
85543
88433
22692
18893
17701
19516
79113
90446
134790
118626
80310
126858
6473
61964
64559
165630
42346
152621
130241
114416
150061
128033
173791
122311
149112
65283
145102
67078
33336
55953
132286
48882
124895
154972
13107
51082
150190
128890
45298
160139
10252
31894
59468
66120
158124
114832
165749
37170
144047
24477
22059
971
170544
45490
16543
80193
158665
130470
23976
113241
151592
113714
135839
166525
83039
36561
46400
65541
104766
115553
20929
170667
128793
78895
25095
25811
109071
149203
14711
101956
173524
141201
24933
75831
11178
118263
145699
80211
11898
589
96740
35384
89267
147901
51107
147362
136670
164824
164425
154210
2886
4600
95079
100808
123455
25960
40970
27929
112293
11268
145352
151625
49962
76795
50255
80934
172623
93661
18291
100582
19446
32837
135351
52710
96443
65486
110541
61115
160394
44788
46466
43332
152920
76407
68511
23838
57712
85527
18993
22298
7398
174091
145648
44666
135569
50475
69979
174370
67983
163462
6176
152483
49062
151626
174216
26743
4279
53802
163411
162399
156037
99826
145455
78342
28878
132476
34643
173625
11864
87953
28553
43283
170614
34183
112852
53181
92701
166942
60827
8987
5756
91403
107315
126329
18435
39312
65556
22467
84766
165667
111429
141190
15254
19276
97093
66054
148363
38895
115438
51249
63892
18766
120464
110248
165328
172637
26770
7195
88505
121968
54751
89149
39334
11429
58708
168978
78999
172523
87829
64051
149566
17693
49949
48261
16802
22809
174119
134937
13448
94680
82224
148649
169518
162311
81948
113252
15727
100490
65694
122261
65552
22861
48163
38833
154820
59170
70973
111006
130784
27280
115157
114322
104070
42987
24188
3317
339
65645
27388
63029
166115
94307
129415
82432
96002
140193
15557
64001
107975
120266
69300
101774
24315
143317
135690
41606
174137
32998
47524
88549
22344
109436
8594
9032
29124
86885
24033
44506
64235
147256
23143
50719
55267
13846
75295
125875
41768
73197
86897
109817
87937
21520
32583
46451
101004
12736
1756
116266
75994
159368
158544
93961
78855
97126
155489
164223
163260
54663
104992
23766
174413
16113
45642
45382
137807
47037
66523
157817
89653
75070
27980
146343
170753
122036
64314
77344
84502
136423
112088
18808
11845
170756
98753
45349
156876
32159
95690
63443
34296
2891
25586
40314
162358
167185
159239
4680
87290
30564
54391
162677
91738
148669
116234
33743
96694
35246
27526
48625
125542
66331
10040
67325
126556
111164
90743
68645
77202
65109
24774
69598
69349
36299
144151
103816
91522
60071
146899
125883
166307
166193
26642
129269
122774
126838
53283
153015
70076
114106
89789
151543
96513
163996
32605
83382
115642
64009
28284
111545
47348
57012
65460
35448
44079
139013
46242
166155
319
8406
99071
36741
82579
150904
53214
35945
1214
107069
15893
124011
60175
26844
59391
156160
79720
38154
172959
143883
2043
85576
126905
134284
130363
31605
160137
43203
101482
42621
164933
15754
144091
142197
169113
111062
74412
66465
113453
150271
20843
67261
135188
54915
122315
132074
100447
84381
26364
9713
4022
65660
167983
91529
95437
4219
112703
70523
82773
61903
172466
64975
88286
10364
101870
91472
162129
80190
2258
82085
32276
64013
13790
53883
158560
29804
135673
168226
111223
68622
163279
167438
30222
166840
173658
17317
5430
29240
11295
55031
24837
27178
171973
173766
148823
49793
95571
120175
165222
36188
108273
138235
99424
98046
87461
104555
77285
118036
61786
13183
128482
81168
116741
121453
94210
136164
12459
2295
154137
64663
9407
16346
165402
25692
20922
57558
22560
134208
144717
70772
67524
40439
87017
38980
166288
173868
107124
118539
151318
88257
42607
2367
143831
149619
93878
85318
32645
80590
77421
76365
38732
9474
97812
112113
112842
6031
161349
88132
73910
73551
19370
75922
12688
15988
48520
69457
148105
169721
53921
107956
116338
59378
63832
144472
129789
108837
173653
65889
70214
144991
30517
145190
88958
66513
12248
77052
100329
122179
25209
168379
116696
97716
8768
155591
56043
100181
48003
21316
122316
129550
151971
100207
142718
64158
34562
40277
97287
98434
92210
168391
114648
36971
45135
29410
128611
72483
95530
28732
65717
68503
27137
150119
61010
38008
44697
74384
55330
49116
40452
160366
14005
8943
151471
115621
83023
145750
117165
25206
79401
72590
49761
94078
159281
72286
159665
18195
65635
77051
18552
151540
76608
22408
64218
6319
81798
16348
144743
81199
93603
104384
25199
3994
169969
166567
71653
60932
164573
87216
7673
116483
63764
107001
54660
154915
41071
135313
87813
89279
64978
113846
78617
39489
8820
119015
174380
5058
71134
78773
19371
19134
99121
14168
35238
35906
63960
65780
86934
70876
118177
59072
171452
160132
147035
41104
76426
60720
166649
157658
52397
141348
81892
153391
155431
37357
72557
31635
40271
96633
63963
84644
166989
67743
73830
3213
56872
157451
173139
30720
86652
154641
107406
80271
44774
86573
26215
82969
12113
5091
112630
11064
89904
42552
150589
74439
135089
115725
105244
53285
127835
38207
40873
151996
136130
43264
31627
124456
116455
94095
67170
95407
114621
48406
33627
100281
164803
126859
51032
2556
50838
170051
113264
109990
163080
100173
72268
90800
82702
61087
40126
47128
66713
44595
125839
47904
32350
97269
53227
149089
99872
76377
169532
170970
151789
73066
145171
74857
21677
147202
55205
97937
114617
92569
6977
10206
135004
115954
71100
24411
160816
165379
2219
28352
158552
60650
35762
146908
110349
70157
173382
158465
61298
3935
82934
30635
127343
6430
121702
46507
85299
28019
23561
62164
168574
1182
163728
22573
136489
22111
50199
23669
142450
33317
91200
133547
26046
36567
7668
50619
80427
129048
94456
85267
98923
48137
31010
47932
16567
170014
21354
157940
117749
16774
37814
146972
114895
170389
133495
36753
3807
30697
149109
16659
143184
129828
109770
5945
64036
124987
77013
158891
42550
23593
139575
38820
99555
132501
104928
18706
101582
26802
160449
80826
144093
133643
55139
98350
158753
48852
45018
41571
759
30977
91819
93888
1246
51917
23199
157096
147739
95519
27288
42875
134525
18923
46227
108677
88484
96319
30379
7925
106935
23296
160822
128222
26887
41481
90374
161759
25558
169880
86233
47788
102711
33373
171727
51721
626
24819
67433
9213
158281
123936
107599
168442
54443
94897
3528
102594
91080
170804
129170
124440
163137
123966
103570
66789
115115
77478
133631
40931
85659
17662
149435
83522
135061
59945
157923
108585
102813
164730
68130
163254
91581
87031
128795
30459
121818
97992
70945
244
129762
24409
36147
59120
28448
92920
158244
136024
10664
115585
38857
59370
6629
144170
22300
138965
102081
71786
53591
125655
140908
10788
14794
113463
128276
28898
93454
146614
156512
99197
153025
12606
90106
129518
100411
19773
31299
123505
174080
118106
150006
104034
100088
78637
62912
99948
136838
16975
169835
70014
74663
127413
10187
64750
115423
103199
96050
14460
157525
94853
157482
166481
104865
138544
21381
26560
87957
155711
130098
156966
26486
13240
128924
79088
49865
2569
96357
46089
546
130986
146152
63100
44725
54056
156371
12749
56792
32879
111875
44785
99973
98165
35202
39371
62292
163680
30485
137767
25841
66187
149800
106063
90578
139683
145802
12816
2267
100025
121074
49769
172295
37507
72839
35287
25142
112319
5682
4032
53333
136475
31372
98855
11741
67310
71679
24969
20215
74782
155294
81688
101237
46582
66210
163726
107601
84807
23658
118776
102254
7678
89523
86179
17209
117726
158657
62937
170481
28162
136106
79412
65825
13890
162054
140298
29630
143588
32495
135814
18201
25566
102789
71331
32256
34222
142962
75938
129003
29406
38640
30809
39946
155802
106311
113155
88915
849
147044
117740
79951
127941
45675
63957
127482
74839
99608
11382
132777
5794
136332
112120
72802
38914
40830
3519
160994
48956
64144
148745
76221
82310
131249
15294
110678
69554
43495
93876
123146
64004
172529
18111
167527
55339
14544
70644
74134
42216
27618
15256
173427
74255
109359
94434
78254
4075
138461
152910
92942
40206
21389
62176
167393
163923
140145
45218
67043
60269
36520
156487
162165
66142
154161
89463
131509
45376
127953
48668
70735
60794
100845
124123
61138
120307
110624
33450
133563
160841
158701
164274
64277
140025
173130
101817
105564
37607
171806
78669
106941
107940
95009
33900
11587
105341
37548
64179
127992
145435
35412
74499
326
75448
50750
108435
42937
117164
157868
169520
169804
105788
124900
41804
157343
159480
35431
98936
166024
143661
45850
140172
54120
142638
53239
93689
122529
97884
165042
169460
124494
75499
44454
145433
72735
170519
83925
158313
163171
54641
123329
165540
111579
41497
151657
20126
54000
99621
27870
97660
76026
65162
57158
16337
67302
142421
102165
105986
94002
42262
45681
107227
149187
86987
122496
45831
24214
36639
38058
127473
20696
35064
42140
13547
150974
28760
100058
16599
35153
98679
159141
110091
140935
86581
115221
14078
13943
141662
51239
125826
106620
42985
19212
173889
152852
52864
93157
146453
76230
147434
80810
57277
1618
120211
10942
136135
12084
170515
165475
42913
166763
87469
125535
107393
70095
131769
52648
129741
112338
169727
140566
145333
138309
94729
45598
172606
69240
5181
106443
28640
87514
138325
127517
3075
26476
66792
96630
167767
20089
80971
61541
170769
60575
57251
119999
172140
104177
15134
172406
43062
144134
9240
13887
147990
48177
153710
110786
30587
78543
91405
61006
87367
146400
149873
62835
129515
132648
59958
104604
66715
125593
100502
38324
78580
136576
85682
41940
66404
21673
44259
137375
174063
104773
41492
160481
53422
139584
20053
159874
110672
82071
116981
9711
40201
168287
100178
15408
53950
85398
158948
92733
44403
25113
25027
75947
153485
58044
77666
164783
165438
36123
164645
110617
71970
91649
54309
100751
153954
120610
23733
124957
74626
35191
622
115942
30355
4328
92666
58499
11074
88861
120318
17746
84000
138566
112327
165
48963
165197
153178
88321
49009
36275
77214
102286
3334
62027
10896
114426
34365
58730
20842
156906
7497
51140
82112
18529
90698
164313
17710
146684
66594
65862
160689
62049
135370
25423
129313
31989
117331
90463
99603
12424
136019
160669
63457
35078
59228
150891
132206
79316
126865
74543
38323
139051
163365
65550
166028
28815
171644
116800
166736
118507
22887
9265
153832
109244
165068
52415
25612
91816
81901
99926
94616
172897
42398
147946
136852
47256
69999
30320
41729
14631
151206
63660
133742
4682
7590
162719
14984
108265
14396
147902
120324
38734
128026
54305
60778
136760
39633
139830
81898
92665
154932
132909
7021
124836
157327
38414
54358
121883
3063
58580
59654
169890
149299
95949
83518
118121
92133
128604
8256
117399
127019
74536
107736
106499
20231
133061
118763
25568
132375
119451
24845
122578
138656
73233
93470
55845
32921
158210
47071
132512
107933
27789
79021
35314
89236
46019
68399
9962
31084
85618
13187
57524
169057
50446
166553
53741
107709
23134
64785
172648
94061
70864
88925
127298
86353
84239
76526
160706
154963
10804
25952
4655
45010
83403
43725
24173
36128
65348
15082
14209
128636
59024
97474
103234
149147
57588
126210
107694
15486
169399
67603
129043
83038
127185
73052
170142
62353
17110
53703
41566
141800
21573
42239
107193
4624
35528
99805
95647
22671
33579
160990
20347
79087
61829
145481
41609
90876
103662
57521
32728
140983
77583
36726
45671
31923
158831
37271
79284
144653
24795
131663
149213
20029
130624
168614
41510
54452
91354
74523
158170
92379
59019
94891
141062
65507
22424
37963
106079
138486
82480
151856
116816
47474
8224
107438
140089
95982
150150
66253
62255
121294
50879
105682
49040
128288
149866
85716
163058
164323
107097
158253
111284
47632
84928
127277
143914
22946
167397
86788
168482
38293
55991
65646
59878
13610
142822
145136
3829
122348
98266
156919
28207
122057
156885
94320
151802
36360
62728
86511
39691
83216
41999
136715
130767
69392
148304
173614
170506
157902
173696
21266
166596
10918
28219
89323
51710
95048
85236
88108
81505
1715
122950
97963
11531
62655
3613
28683
96890
66473
7619
43650
162633
7961
2997
101938
83429
135955
36818
103603
97149
11831
141733
124637
112366
81377
102772
129804
134080
150928
20660
79063
170563
115373
13314
137979
25430
59457
43797
103888
71855
148058
15271
68713
119898
165666
59134
102530
172412
49983
123760
53554
142181
18065
54750
168538
58424
24803
43870
136470
6401
131745
78704
143359
143416
164318
56965
93391
139782
141355
39185
129173
94479
36142
169975
6700
45386
8494
7704
37513
154194
100554
151258
4757
113253
6513
29718
160773
62457
136567
163717
43894
96507
105193
43505
38515
71569
162318
4489
85775
109014
39717
84619
115122
64523
108339
10219
167409
49106
67086
114253
2519
90244
62997
68640
37175
54813
35674
66609
54545
90248
93370
128886
84110
98141
136494
34834
21088
36441
105579
8301
85961
28281
95186
112351
144296
151855
119126
17978
91730
70537
34136
159388
95904
147872
152398
85160
12843
63826
21415
629
138527
20562
134249
24790
66049
63855
62710
136320
201
135094
112656
25622
127396
48841
38565
133687
106602
77938
57865
89834
155934
134681
141417
48743
137634
58762
75435
55282
137228
2907
164391
135
136426
92991
57466
169508
87134
113064
170036
120708
60648
55122
93526
31179
120470
25361
141707
51796
170501
47038
86727
10545
70566
2491
139915
12811
131699
133242
123700
26630
78265
24092
67839
40551
157034
138058
2740
80820
70928
11365
101344
49751
48448
164719
119029
105810
152554
73146
34459
51720
156862
75164
20628
30900
133454
158795
158206
114636
35140
161018
42800
112010
49347
133195
138485
36774
8329
90250
91748
107988
13950
136704
155702
117423
151961
68704
20354
150949
72502
136738
12513
168535
148947
144977
44200
3145
15547
88645
156605
165583
98915
134849
159617
90055
5973
158962
128612
10327
103252
9788
36880
63548
140552
58918
138601
104777
131957
169587
86394
64017
8129
130891
149136
137203
153863
168493
110324
54801
115382
104533
95131
161251
122674
62736
86739
17755
130372
630
34848
112734
77584
75755
78647
41560
133235
164812
155811
76388
111506
147640
8771
62679
157052
166295
58367
98189
50948
79848
51957
103998
10974
87397
138777
71949
86663
151776
85270
125063
61261
12510
12958
109991
81248
108092
10302
33652
36017
43600
139504
55952
160954
163363
133041
25516
20764
155719
86635
45391
86542
170913
87590
120040
88968
13483
31149
160542
171538
54361
43972
79644
80416
56812
100191
98090
91046
96636
119550
68851
46018
118696
50087
120392
69169
43159
57848
64538
64900
155731
101439
98800
132644
125516
115184
97851
86436
80508
70290
136015
49415
102901
19347
144263
154894
20362
97315
89776
4400
163191
82173
123978
13752
13820
146475
86252
147003
105086
85457
62569
34004
145883
13133
144665
89674
7650
93113
63688
87404
91921
97731
109301
162084
166727
1145
26166
30782
54574
75462
77456
156078
172280
147054
170626
61848
157565
88884
117597
4996
87600
130830
31973
16678
68286
114165
85356
127006
122594
163183
127275
145107
107527
45054
130311
99634
3187
13521
124099
31877
69515
34505
14597
43204
137526
115949
122970
152923
151144
59320
42068
39202
106239
158135
64122
3406
89004
90755
132425
141931
60489
2571
7494
44703
9617
133329
156096
152879
29284
132402
92335
159760
156692
110005
93165
162760
48333
158302
56235
36865
128129
106433
31191
7324
122024
38227
87442
139387
148677
67374
104593
58601
60366
49358
118318
51964
10286
17663
167227
108958
17841
170454
3134
92805
133273
106762
35960
74549
96701
86548
123783
130987
86080
1071
79191
72566
89328
20167
79694
79337
44678
65313
70023
63777
39367
108084
90427
41926
44453
56864
61091
99296
8050
117917
15507
55069
40294
90863
45381
50393
117250
80054
91569
29098
97557
32477
110862
66250
62030
20471
141959
27648
5545
106818
166047
140921
111028
36975
28166
20371
87033
76553
101591
159927
24382
100823
62058
158423
78361
91837
130285
87585
39216
82222
24971
7060
15956
42304
83821
6340
6951
156743
20137
72986
9968
42817
159223
100695
5391
156832
157087
3117
34975
90149
74065
81092
105358
77613
22120
106355
98042
100509
139250
63647
136452
169986
121130
120799
129604
102397
28043
40835
6527
135879
4818
65794
11127
67616
160613
123823
163399
63307
147408
106673
124330
81169
121258
69950
116367
171393
120904
81839
74312
71942
132566
52473
135502
79426
136087
83535
173222
139288
62356
132654
51840
173352
85040
61334
86121
42037
106060
90097
155054
9737
146497
146928
72258
106351
68527
60018
59973
164303
171954
14880
106901
115007
141899
173042
74210
68673
110222
15459
162564
173894
15718
45354
8786
31833
127787
99452
25787
47834
153720
143258
69998
60123
161505
53207
134130
133387
21680
122972
92516
93890
123944
84768
39101
161331
53538
27831
73995
93410
144459
130529
83316
12767
76161
7710
104084
28220
27441
35955
51464
146736
7484
6193
51279
167378
44736
109221
125347
72901
38599
8380
30324
64483
47481
156435
29128
18982
162235
1487
111789
54817
48653
88364
146683
58780
40396
150598
89873
151299
65014
31274
85029
42672
130207
108257
42508
12741
86402
167897
18669
161951
158393
73653
98566
30549
57025
154732
46346
131024
34619
71988
162882
53098
158328
48946
23096
143070
73391
61346
127435
122552
131407
116931
8718
49868
12488
128136
33946
11488
39305
115967
54942
21739
104456
88471
64774
27838
81652
57879
142266
62188
153689
65649
9514
129072
27966
11385
84560
12934
151554
6971
11432
66660
45269
122585
144483
165343
169354
166379
118593
121179
123122
93407
83845
20625
94255
109668
117392
135451
95836
38114
96554
161283
7932
69759
58953
150491
12723
9236
15755
57443
44427
67260
992
73246
2470
5084
134060
167163
159196
87984
1420
151086
14323
128987
5590
127678
80687
129437
95148
99339
157177
158214
108870
4490
40209
89270
19114
91961
161771
195
159313
113747
151614
29208
4951
158588
112134
81994
152396
127923
7679
150504
42199
59729
124548
166850
83493
52596
149562
134038
127689
125842
26870
67354
37191
113237
4902
13472
95045
42309
152301
164100
57699
7689
100
1894
94073
154813
96732
163223
114214
60536
111614
3050
89514
64045
152561
45946
81321
75662
141860
69318
133389
169350
54089
128570
148140
145244
54166
69122
39023
95507
140747
116131
79546
121046
11976
120262
66348
93046
119960
1458
141456
71340
83935
28275
153255
141464
93527
575
23037
76935
63734
37438
128363
149612
124728
128010
87043
135587
79693
147789
40844
91486
106320
81564
13341
165288
122542
162249
133876
146307
30769
70008
15490
107048
51807
113136
19236
75707
97908
136304
99740
139410
103239
90301
156376
94733
56752
119732
159976
89975
110590
62038
163348
17085
123461
110188
96814
21787
10158
79521
132127
154683
86791
125912
1177
72607
7094
34763
35530
104150
95616
159898
89683
100296
170647
140941
64898
735
31446
122929
83325
123865
57927
54600
144167
162727
58882
100931
94712
138108
49923
4878
173143
58747
40450
29836
42482
32612
34230
106924
157994
164062
65958
124222
96361
158077
166425
127371
140889
17560
129748
169794
129430
129598
79123
139621
147574
145524
106626
50285
69852
160066
25249
27123
119447
37055
78226
162928
28016
65922
93021
139876
9020
129248
145031
81515
61954
97764
35535
162900
112446
142928
26967
131275
84881
143071
131178
141208
35549
12420
2972
100051
159089
135166
131892
116887
109724
17526
39356
116798
12273
110279
86317
32766
56351
18121
490
167896
142230
35638
143583
144074
161688
92220
63108
167952
6839
142192
1257
23581
110776
70859
163716
126198
162584
40265
44557
77909
13633
20261
20064
91832
173478
102937
61785
93261
167437
68092
10917
31426
121492
124052
48404
168684
133756
170383
169433
82324
37510
64568
40033
36220
160327
126924
57818
91823
40088
16628
149333
114228
73109
85821
84782
40720
41412
28872
45555
66600
162538
154503
13604
78492
19953
42023
32236
65487
151289
82519
59671
25864
166210
103212
113866
44627
168795
89972
119137
168992
79322
64091
123093
102226
48275
80286
106429
142563
19096
100213
81513
94709
114410
18221
73730
75835
44357
66493
63587
159903
139491
132174
169993
5042
24873
126277
2260
71819
19375
8441
170225
56978
148300
46380
123471
90180
172095
5288
150447
37660
152774
30507
41516
47607
131628
112151
33717
121571
136900
1674
83937
131868
112960
162784
15181
39126
154158
174025
112393
72057
20993
50337
138943
96233
1997
91057
128081
39738
82350
90789
152758
44444
83177
27719
118007
111947
135431
45385
95482
107921
109695
23477
19111
59570
12756
26772
35264
141253
138151
83910
134000
44706
32224
2514
160849
126163
145109
117546
57535
28285
73117
102489
48985
139065
11407
114661
80219
26136
132533
83539
91576
172589
158624
155861
150361
22137
54371
53347
166908
166383
98986
83307
159622
113339
160454
76055
133596
53322
16279
58939
35322
41866
16820
43167
143079
164293
118294
75546
31006
148882
64756
118104
97703
164259
63350
26633
16411
53961
23876
25794
165809
121124
3962
16399
66736
52233
91244
14188
136018
147884
122459
9243
164565
115386
56328
2679
57730
119858
51819
250
48355
160591
98727
62838
164082
49826
58783
148734
90809
78270
29393
149839
103714
168200
58763
107101
119902
123151
9982
13718
54438
114660
130851
152856
46623
663
93319
141863
74459
72556
23165
88481
69827
41154
22113
32688
168646
172157
106
46149
46408
96983
134471
140612
34129
34604
83436
142169
159683
47528
48875
74225
28584
120247
152572
122830
29609
56345
28274
143503
134945
158765
43054
27096
102296
120062
158360
131703
78002
2062
7854
42924
111150
135501
117102
47326
151721
152882
114698
162312
12115
52214
37419
117087
137529
41624
62090
72979
52395
134599
167342
157487
31035
2546
123631
170070
168699
41323
3525
117017
56653
136640
168238
88306
20166
140761
22475
135600
57351
66445
21495
14534
95334
74010
34665
26717
119047
20603
90999
1033
118712
24195
172382
162486
124748
155108
2241
19295
93859
121378
158017
40589
133559
161073
54382
119665
108616
149100
19965
156727
34442
149670
152078
37392
159268
85118
53730
50841
117462
154558
75472
104038
25961
136908
64296
136859
162893
153850
92009
160956
22345
149558
174253
75353
77008
31232
61325
48786
92934
62711
149906
148974
147564
66080
74808
48818
171669
96560
90307
136913
134635
112812
130005
1405
1630
56140
101653
122354
91709
130714
159200
11377
111116
154709
99351
132458
144292
33153
96472
75897
88692
168475
48450
65349
69244
35043
145943
40944
130697
53957
156535
47229
55018
163290
127639
113433
13130
4478
156071
28378
159652
82296
107397
169358
84618
174239
120639
143228
100609
106832
115232
30797
59951
66043
170808
111356
39024
37860
24952
163918
5861
111502
129544
12362
171100
111094
55619
83731
162180
99813
125005
78455
170365
136223
86495
59669
113025
63217
146543
139813
19832
58082
54257
163141
43073
111669
96355
11817
72142
60622
159144
36717
171577
58840
136126
36889
115201
21443
136701
57397
50293
64143
156949
3441
63020
52041
61182
22927
38078
38069
103301
97428
67191
18477
93291
161430
8509
143297
21997
155053
65111
44584
131966
13946
155483
80970
162950
34730
132346
33583
52322
108439
113647
145343
128729
119177
9703
154109
49925
15292
7635
100282
134923
56062
85492
42017
10715
112890
68636
140788
136272
53146
153796
74756
147850
100026
165770
162010
42277
10849
137129
134594
24225
116246
75046
52434
109387
17612
43061
93350
64889
170117
120752
172869
91880
97819
112106
104779
68775
134698
52345
72663
9329
75506
43171
166789
153538
145099
166422
30055
90296
112543
127739
95184
110304
51958
903
103868
55277
36095
76168
86021
33779
100578
147876
149739
53874
87820
141380
100222
125205
43928
123718
38934
155371
109460
44690
57872
54310
57987
115431
48552
164225
60346
20097
100115
100917
39957
74013
89493
44597
55794
123052
116342
123749
169539
89932
48885
102017
80188
68063
64280
57502
111436
96469
80430
155291
18925
57449
88544
1099
89544
60978
92923
54960
99886
48893
94639
152058
120960
147461
9127
78047
136394
24602
52505
31552
128079
133239
143450
136730
166070
69938
164398
44620
10852
90322
75783
88485
66259
18069
162576
132058
140045
115406
118524
117878
109529
31194
104734
104598
86115
79210
91605
108143
24928
138155
109025
64208
146847
115238
88097
73152
66221
78824
133035
55625
48972
174197
34
94662
107539
141296
125682
78667
10090
10257
172656
96876
54318
97184
17791
120683
139968
63272
152450
159877
16105
44123
55856
107973
160186
39912
33191
59459
133461
99934
27607
126125
61997
172682
68296
63655
149824
145756
74207
82880
108595
164811
146865
95189
35422
30693
43927
138849
104896
104569
129360
165444
15973
84557
53935
91538
47675
28790
63695
133874
119361
148829
83717
31082
79856
95783
65444
69
88530
16386
150364
45522
165269
358
17888
10402
22379
168103
100994
77971
77966
173472
145700
113409
5452
153921
73790
86995
10880
146081
113601
58105
8592
172861
155209
68923
109654
161203
56569
55451
91294
12022
51818
110451
20786
25259
126196
138851
17562
167744
151876
128022
77535
112831
9616
37228
353
110423
155022
120913
74916
49643
18146
84107
129944
8158
32393
148534
20462
70556
166457
102835
80194
24018
116463
142144
98588
125029
145863
135376
122564
128733
93270
41771
149389
135303
75674
158845
109761
63724
123503
166132
91003
172548
22123
8880
1871
43954
168710
137998
162257
65255
58095
14906
81813
1471
28668
94291
113460
109135
5489
93409
147181
62487
110721
6570
106308
167018
51149
119705
92694
34484
74180
78456
128822
89857
62713
95061
109901
111226
164149
128017
149593
156043
163022
7751
42730
29756
123588
141328
20944
62300
120740
71319
87832
61888
50501
27948
43228
65721
74364
21967
106155
32090
75345
69487
17585
57686
120238
159481
87263
35670
8757
34377
54264
26820
153990
123982
15578
20587
26021
116784
90352
124906
115257
114194
56285
32249
18241
104735
107839
4188
69113
84083
76976
46177
124933
19108
42373
168600
118351
97919
55821
92014
120878
105537
99545
74399
13794
92655
66034
145748
53402
140881
79388
170202
610
171602
100190
6792
107552
24161
156276
130854
151474
120208
32399
17968
66346
19303
22227
86162
123114
74019
89915
166498
163651
63591
647
119024
24451
92512
88112
135610
117240
35408
166561
70202
103972
167137
140260
169847
138478
159604
113526
30402
151786
32094
87912
89474
86047
129051
173916
38296
59014
28240
70550
93858
29468
53699
50240
157585
163375
76716
83387
100859
113403
74303
36556
105500
97844
124999
20065
54424
109708
159717
128114
53582
77315
163870
49589
58736
98054
137855
126736
165988
121568
32480
2172
107907
59058
93801
70959
64862
119532
80339
75282
76273
25384
95692
72710
116738
29172
128008
115062
76602
81317
171936
55947
28128
89006
20028
33485
5191
119369
88245
152644
144347
98904
19678
3061
162433
133102
54035
45047
37506
9264
64631
9381
27895
116353
84120
57881
8325
39628
109151
3676
65202
137918
136561
98260
19086
161456
155481
153311
85161
65813
72167
153592
117795
111395
46925
17602
70155
140462
124578
159006
104071
104963
19437
102651
130719
119774
76354
150849
172619
34299
21747
45094
111079
118904
46655
92736
30777
170354
1965
135940
27522
24940
164300
131793
125296
141651
90894
115161
25132
73535
44269
152259
127700
51206
68042
78390
103054
132843
76342
82361
12735
85490
101900
163417
11055
55683
112082
7982
168446
91541
109268
43477
11117
107218
117381
102310
151485
62743
85409
33951
30783
118858
81244
56353
110348
3750
29452
12320
38502
26738
106126
165028
108582
112281
54214
55118
39956
43007
154789
68856
46113
162698
104665
33990
153448
131833
120693
163727
82744
133907
36660
6723
13897
144657
66280
164865
83654
163420
107705
66896
136353
129579
40726
27720
105577
104374
114076
142651
13419
115483
167051
67259
86293
79885
91108
60551
157207
123082
170580
122022
25467
36523
4609
154842
122382
13467
93090
11469
69237
65212
76011
40266
132814
143972
115412
148516
138959
73000
108674
145991
11775
29357
135571
146556
44363
9361
151298
83468
108200
2264
107341
63762
173024
58024
151016
6235
9771
132480
137255
168821
7172
22659
111985
160274
141057
139502
2417
101758
42748
49098
51384
91883
73946
90604
18557
94440
79394
94001
140817
117974
135181
48850
144182
165172
60841
111447
27865
140659
28641
74359
5070
56783
100489
129452
116231
89246
50938
138247
167399
38960
101689
8106
42869
35402
50820
11305
118586
121839
54258
103664
108778
42258
6823
121192
50449
62959
148010
71673
99641
132248
42228
20179
127204
108288
18740
87227
58992
38253
135925
19985
16733
92507
167314
10071
51504
59256
30434
28536
139178
103456
22885
41541
122341
161814
61800
624
16266
161512
149957
88109
168587
1627
169777
100632
96240
4687
94345
45577
92759
29235
132610
69945
144265
81923
99378
77860
83351
72385
56936
34932
161107
164268
90139
125564
30666
42265
16703
82577
83233
159936
16190
92427
29778
169870
78509
31988
127376
88630
136349
90760
153544
34574
115476
128116
127138
156808
127490
53371
62064
9867
159201
145660
135183
152712
119288
49339
26257
158398
98533
103237
36435
76019
77854
19245
144520
133172
161083
104073
2685
8444
68264
171006
16945
31747
109830
135545
160488
149645
73090
1169
156882
36062
48937
99821
97895
26964
155117
81124
59344
165955
153072
13289
142719
48829
102613
11995
29060
152724
77524
35160
72341
6324
107843
88365
105892
58006
51270
129375
105945
46112
132113
170309
57414
34539
64644
53058
96542
163723
32002
138856
21461
73791
39749
22023
21708
113909
90573
95529
108535
119448
32985
63542
101751
149446
125836
92873
35301
133392
122070
116060
8665
42589
117021
96783
27829
38451
36573
155083
131245
101675
74616
8409
22617
133836
229
43224
132136
122163
14154
137810
113243
7743
121962
111611
68045
14603
155112
140464
98816
87617
109283
122765
126595
105665
143658
64282
70452
64894
53421
57395
10511
53726
34233
35627
146670
159054
9091
113063
129720
62638
39401
36683
144832
85829
115584
130807
170096
136634
146998
113367
129613
90136
65696
108041
91846
18275
125547
52877
156197
90907
43055
57944
52808
82484
149723
9829
25052
134083
80683
168504
139353
86225
125566
99428
57542
63972
25330
26140
50637
65644
172166
30831
9231
42399
127828
51747
67984
162093
109481
127264
136879
118151
3363
7864
7153
91043
161887
157341
117068
167695
137216
62
135323
38096
132785
46991
126701
12737
22868
124540
158346
38398
11454
70172
27619
86605
18459
51330
105030
30960
31024
129144
143779
16669
142017
28449
160401
63310
148032
61243
62050
48660
147921
145320
993
48074
46622
114177
78733
2590
50978
94876
44828
54869
131325
5067
35502
112999
87978
48167
95599
22729
148581
98326
162115
29952
88489
34016
130079
74992
84539
57256
11737
139728
26983
137856
9033
47633
49965
67274
19246
102902
112420
124717
49327
130324
94736
102898
81703
116871
161265
45579
38179
3608
71640
132723
139948
152147
115531
8652
135167
164205
123087
123979
124364
3674
2103
123488
44603
155771
33552
46388
101594
135579
92380
47214
59323
119426
108848
24455
133959
74276
58709
32975
86280
168185
105942
33236
46334
13371
9077
80306
164163
69641
14145
167960
46688
131896
14918
80487
15942
59011
138122
77555
127794
7832
78064
48328
79263
47600
148545
147753
33199
112866
47303
82041
111255
132768
24531
8998
127804
90759
7103
22131
74168
21137
36804
32765
167589
24262
27744
88512
52678
137831
118930
73042
139297
31550
170079
72670
110588
139219
170480
98229
9546
27964
155984
124315
104623
99247
104340
57956
142517
7540
77751
35529
149778
120361
169864
48184
108231
38864
65000
92053
130316
37955
125591
63524
172251
69824
2413
40128
23423
5729
173213
152770
115831
80444
20893
149583
157251
14598
152361
69373
111113
73890
33692
64413
69219
133808
2066
53367
88496
157031
38065
29173
21931
19677
36687
78278
104236
173320
80210
155313
71874
99133
49799
10598
107549
139898
50473
111670
61054
140974
148532
41402
65457
83670
102155
87894
69758
94309
136102
114532
75323
94268
59205
132715
13608
147712
123734
139166
13734
149343
49888
28225
103138
143950
79997
82778
17883
30199
17089
99401
119092
77336
145398
140271
19549
77475
42145
162369
143698
7328
1909
142476
171127
95050
60261
98104
78411
48303
47715
130825
50040
133971
116314
14587
17582
173396
39029
92763
1315
46063
7150
167778
61569
78655
159485
118985
81539
77824
34414
121309
54682
168937
141701
21036
159381
161851
105548
156142
132743
144312
86407
17891
164788
48719
60816
124375
91878
94433
159105
119995
143451
22449
45045
147923
166152
155643
130377
49204
95671
156852
135652
151736
72692
120580
26472
84790
135044
46369
172620
133764
8691
172961
36910
50690
138297
169386
136493
44167
107114
12676
101410
62591
124075
1474
164027
129295
121247
173952
8709
159844
141119
66590
55340
97160
89261
41506
83758
174167
124018
93829
48183
164309
94793
118535
76436
92020
97840
88368
103388
80380
167512
15862
96526
94560
42114
25173
70062
62375
92536
162287
147292
159307
43828
93547
111120
110419
164360
122134
129874
107806
41776
166931
78105
118489
22209
111597
56394
61426
130417
125582
55210
44330
104553
128219
123792
71941
161466
104674
107083
50960
132400
25390
104811
112583
118637
38533
104258
139066
75468
27050
151444
64184
157775
53145
113279
114936
157400
141787
2108
102823
22289
110733
62373
144089
5532
119891
152405
106322
100724
99617
112961
103908
126996
156686
89289
55974
27347
29660
118340
133170
25403
19729
97943
114762
19027
1272
56214
92369
73474
64983
74875
161248
75772
94585
61996
30406
5596
135803
45995
129636
143229
170583
9624
51939
81176
160121
64516
109988
148458
40562
152821
73498
9338
42403
23600
23971
156426
155661
2451
127954
72482
145443
116404
85411
158218
139855
26853
10607
152005
39449
144488
26237
164800
21304
83990
37072
13496
52474
122482
147476
853
82127
97372
145309
118021
126321
22651
54220
91095
128832
103387
7181
61790
141893
6393
11604
161907
160621
54918
92595
165765
129441
26957
66423
410
57579
16392
7111
147912
34701
60461
123045
15246
3678
14411
139117
34993
61355
159762
132261
107938
50425
129416
14808
151894
80797
123289
34580
146725
106514
140251
68812
173761
53789
110003
48264
85337
170877
12230
57600
127940
4769
40053
134330
167899
44238
147372
141439
76774
65435
3065
113659
56616
152626
110381
82410
147605
68835
64971
52861
99576
96947
142340
160397
134335
38985
126715
132726
22787
84876
42847
35378
115622
99552
171874
130395
62703
95402
25715
141843
40989
86037
38061
119472
73955
86800
15010
165247
104670
121194
30328
155850
50516
63177
77365
120131
125056
81054
13969
127809
17055
81598
149554
37388
94175
121004
73300
1626
62789
85258
88042
133694
67129
33183
15083
101137
23713
94973
46050
2504
3819
160350
53156
119756
7978
148629
58177
40210
2022
51364
45436
30556
159071
113711
88278
126513
112503
137192
99661
96334
152424
99484
128118
23705
159593
23685
14247
26792
119411
66825
104965
106616
78087
37375
122020
46603
97705
126921
19512
60532
148288
3616
42994
121329
40141
173416
147776
56704
59822
83486
137410
146704
112870
62859
71065
97228
44602
76665
141982
44240
131474
6005
171335
165487
143226
94811
7169
11328
95976
45607
132903
131964
131806
27327
42562
5890
63410
19088
16342
166807
121736
118681
147493
152637
5493
77264
148762
89034
164514
163352
16880
66389
76198
78173
143515
83895
38882
108066
110025
41868
90182
131881
17910
69346
60832
61311
93720
162818
78910
82172
34492
79448
83848
170787
114903
105441
154338
72102
10269
29296
172730
20469
5894
117354
45108
12344
168620
17371
64795
42381
91756
75017
151652
28183
121016
155500
162459
22319
58337
158632
44041
128537
170027
41925
80881
105025
42122
108198
76986
99637
127754
75202
34775
141116
149520
126766
83683
171496
91174
109432
96517
14637
130916
85076
166987
60640
145489
145927
128451
165977
92172
87036
75503
140194
39140
27361
71444
122312
125756
123237
9512
130703
92405
163858
129297
32063
62887
165215
107272
120193
169764
169979
74753
137256
89098
164279
112849
132373
84563
122948
111153
40283
8007
93897
96029
32967
124262
21312
123094
143430
100508
84241
15923
40122
123613
160381
118178
98596
26344
168228
56648
60651
110944
23589
86176
118035
137905
87707
126312
18811
134415
102951
132746
14628
28633
44544
19185
104079
118485
62262
74901
120490
162169
77331
152188
81627
69817
161613
69542
163880
120544
101509
128913
130116
136492
144484
96014
70977
9064
159727
148256
107863
47655
126672
98143
8073
49860
73310
174165
147356
85313
153573
105801
148722
84923
7549
72437
116794
30524
98750
135484
60371
103525
107822
111312
85183
138253
164045
58607
123132
17874
32461
110119
20314
81884
34522
8913
154208
22929
129996
167423
123032
167075
14890
39386
39355
33736
122066
152813
83144
27102
30131
34439
24031
108141
166330
158152
7306
172667
163967
124582
34990
111874
35426
84019
59215
97990
142536
137401
135448
148081
91362
91398
167867
107299
146361
146856
86053
108581
115586
53818
99174
29193
165167
161365
9535
67363
10350
87914
67456
61206
25603
70363
97922
12368
71583
13540
43508
148215
95638
130922
165037
35329
94814
21606
110567
141590
74397
11338
41446
144125
72409
88020
29430
146444
157691
112781
152853
132049
122640
99287
38728
83653
51804
57275
81356
107367
94695
88181
6657
113621
135109
31998
168437
134861
24065
15152
54531
119480
1886
130172
66917
163181
142267
133340
94025
138561
82581
18979
510
141076
2846
87013
74093
69384
124743
93339
87457
7081
148949
112137
38594
67213
26982
72300
157661
25922
162025
21004
47089
138732
118048
170439
69357
104182
108859
171745
150808
108724
171880
28850
42298
79247
51793